>>-------------------- Decoy set detailed informations --------------------<<
ID:        1PSV       Length:   28

Protein sequence and second structure: (H->helix;E->sheet;C->coil)
KPYTARIKGRTFSNEKELRDFLETFTGR
CCECCCCCCCCECCHHHHHHHHHHCCCC

EVENNESS:   0.852  npwRMSD:   0.808
RMSD-BIN  >0<  >1<  >2<  >3<  >4<  >5<  >6<  >7<  >8<  >9< >10< >11<  >12 TOTAL
N_Decoy    14   28   31   30   39   30   33   31   34   29    1    0    0   300

Name                  RMSD SEC_PCT R_GYRAT CNT_NUM
1PSV.pdb              0.00   42.86    8.57   6.719
decoy0_1.pdb          0.13   50.00    8.56   6.719
decoy1_7.pdb          0.88   67.86    8.51   9.091
decoy1_8.pdb          0.92   67.86    8.49   9.091
decoy1_10.pdb         0.99   67.86    8.79   7.115
decoy1_11.pdb         0.90   50.00    8.71   6.324
decoy1_12.pdb         0.92   50.00    8.69   6.324
decoy1_5.pdb          0.83   57.14    8.49   7.115
decoy1_6.pdb          0.86   57.14    8.50   7.115
decoy1_13.pdb         0.98   64.29    8.54   9.091
decoy1_1.pdb          0.50   42.86    8.57   7.510
decoy1_2.pdb          0.91   42.86    8.71   5.534
decoy1_3.pdb          0.56   42.86    8.58   7.905
decoy1_4.pdb          0.63   35.71    8.61   6.719
decoy1_9.pdb          0.81   35.71    8.64   7.905
decoy1_50.pdb         1.84   67.86    8.51   7.115
decoy1_29.pdb         1.48   50.00    8.55   5.534
decoy1_33.pdb         1.45   50.00    8.57   5.138
decoy1_63.pdb         1.86   53.57    8.57   6.324
decoy2_2.pdb          2.88   60.71    8.22   8.300
decoy2_238.pdb        7.08   75.00    8.21   3.557
decoy3_3.pdb          2.65   46.43    8.39   8.300
decoy4_42.pdb         1.58   46.43    8.66   7.905
decoy4_43.pdb         1.61   53.57    8.57   7.905
decoy4_118.pdb        3.44   57.14    7.81  10.277
decoy5_24.pdb         1.98   53.57    8.38   9.091
decoy6_7.pdb          2.02   67.86    8.46   7.905
decoy7_19.pdb         2.72   60.71    8.11   9.486
decoy7_145.pdb        5.90   75.00    8.31   3.162
decoy7_159.pdb        5.81   64.29    8.04   4.348
decoy7_191.pdb        6.75   85.71    8.11   3.953
decoy7_192.pdb        6.63   82.14    8.07   3.557
decoy7_194.pdb        6.48   82.14    8.31   2.767
decoy7_196.pdb        6.67   82.14    8.16   3.953
decoy7_206.pdb        6.44   78.57    8.36   2.767
decoy7_207.pdb        6.41   85.71    8.43   2.767
decoy7_211.pdb        6.61   82.14    8.33   3.162
decoy7_234.pdb        6.50   82.14    8.32   2.767
decoy7_243.pdb        7.12   78.57    8.07   4.743
decoy7_340.pdb        9.12   42.86    9.09   9.486
decoy7_342.pdb        9.03   46.43    9.03   8.696
decoy7_350.pdb        9.18   42.86    8.94  11.067
decoy7_339.pdb        9.02   42.86    8.51  11.858
decoy7_344.pdb        9.11   42.86    8.97   9.091
decoy7_345.pdb        9.04   42.86    8.72  11.858
decoy7_346.pdb        9.29   50.00    9.22   9.881
decoy7_347.pdb        9.34   42.86    9.12   9.881
decoy7_348.pdb        9.02   42.86    8.59   9.091
decoy7_349.pdb        9.01   42.86    8.67  10.277
decoy7_351.pdb        9.18   39.29    8.84   9.881
decoy7_353.pdb        9.36   42.86    9.14  10.277
decoy7_341.pdb        9.30   46.43    9.19   7.510
decoy7_343.pdb        9.19   46.43    9.20   7.115
decoy7_352.pdb        9.12   42.86    8.97   7.905
decoy8_1.pdb          2.91   53.57    7.91   7.115
decoy8_119.pdb        5.83   75.00    8.01   6.324
decoy9_4.pdb          3.99   50.00    8.48   5.929
decoy9_97.pdb         4.50   53.57    8.64   4.348
decoy10_2.pdb         2.76   46.43    7.85  11.067
decoy10_241.pdb       8.68   64.29    8.19  12.648
decoy10_248.pdb       8.63   64.29    8.16  13.834
decoy10_260.pdb       8.42   60.71    8.11  12.648
decoy10_278.pdb       9.43   46.43    8.93   9.881
decoy10_279.pdb       9.33   46.43    8.86  10.277
decoy10_280.pdb       9.52   46.43    8.83  13.439
decoy10_281.pdb       9.27   46.43    8.78  11.067
decoy11_3.pdb         1.85   64.29    8.44   7.510
decoy11_112.pdb       3.19   75.00    8.32   8.300
decoy12_48.pdb        1.90   50.00    8.42   8.696
decoy13_2.pdb         3.91   46.43    8.17   3.557
decoy14_9.pdb         1.90   53.57    8.60   5.138
decoy15_7.pdb         1.66   64.29    8.78   5.534
decoy15_10.pdb        1.67   57.14    8.65   6.719
decoy15_15.pdb        1.58   64.29    8.88   6.719
decoy15_116.pdb       3.86   64.29    8.43   9.091
decoy16_45.pdb        2.02   71.43    8.37   9.091
decoy16_29.pdb        1.90   67.86    8.50   8.300
decoy16_33.pdb        1.90   67.86    8.30   9.091
decoy16_26.pdb        1.97   64.29    8.01  11.462
decoy16_34.pdb        1.94   67.86    8.51   7.905
decoy16_108.pdb       3.56   75.00    8.12  11.067
decoy17_5.pdb         2.97   57.14    7.85  11.462
decoy17_63.pdb        4.90   75.00    7.41   7.115
decoy17_65.pdb        4.79   71.43    7.39   7.905
decoy17_69.pdb        4.88   75.00    7.46   7.905
decoy17_75.pdb        4.86   71.43    7.47   7.115
decoy17_82.pdb        4.91   75.00    7.41   8.696
decoy17_145.pdb       5.04   78.57    7.38   8.300
decoy17_216.pdb       8.85   53.57    8.49   9.881
decoy17_225.pdb       8.81   71.43    8.37  10.672
decoy17_217.pdb       8.83   71.43    8.43  10.277
decoy18_15.pdb        1.71   50.00    8.46   8.696
decoy19_4.pdb         1.85   50.00    8.15  10.672
decoy20_14.pdb        3.91   75.00    8.55   7.510
decoy20_302.pdb      10.05   42.86    8.62  13.439
decoy21_41.pdb        2.52   71.43    8.49   9.881
decoy22_28.pdb        2.91   42.86    7.96   9.486
decoy22_41.pdb        3.67   71.43    8.60   6.324
decoy22_43.pdb        3.71   78.57    8.59   6.719
decoy22_251.pdb       7.02   78.57    8.31   3.953
decoy22_246.pdb       7.25   67.86    8.33   3.557
decoy22_344.pdb       9.35   46.43    8.89   7.510
decoy22_347.pdb       8.98   46.43    8.95   7.905
decoy22_342.pdb       9.31   39.29    9.09   5.138
decoy22_343.pdb       9.13   39.29    9.01   6.719
decoy22_345.pdb       9.10   46.43    8.59  10.672
decoy23_4.pdb         2.02   64.29    8.61   7.510
decoy23_6.pdb         1.93   60.71    8.82   5.929
decoy23_5.pdb         1.94   64.29    8.58   7.905
decoy23_9.pdb         1.97   64.29    8.38   8.696
decoy24_2.pdb         1.85   57.14    8.43   7.905
decoy24_269.pdb       8.04   53.57    8.22   8.696
decoy24_282.pdb       8.06   57.14    8.07  10.672
decoy24_287.pdb       8.28   64.29    8.11  10.277
decoy24_307.pdb       8.18   64.29    8.40   7.905
decoy24_259.pdb       8.04   67.86    8.25   8.696
decoy24_299.pdb       8.16   64.29    8.36   9.486
decoy24_308.pdb       8.23   64.29    8.31  10.672
decoy24_309.pdb       9.02   53.57    8.30  12.253
decoy24_310.pdb       9.03   42.86    8.80  11.858
decoy24_311.pdb       9.00   53.57    8.36  11.858
decoy24_312.pdb       9.06   67.86    8.35  13.439
decoy24_314.pdb       8.95   53.57    8.77  10.672
decoy25_1.pdb         1.84   67.86    8.53   6.324
decoy25_85.pdb        3.35   57.14    8.06   8.696
decoy26_1.pdb         1.94   50.00    8.55   7.510
decoy27_8.pdb         1.92   67.86    8.50   7.510
decoy27_10.pdb        1.92   67.86    8.57   5.929
decoy28_4.pdb         2.05   53.57    8.51   6.324
decoy28_70.pdb        3.10   71.43    8.61   7.905
decoy28_133.pdb       4.17   53.57    8.18   9.881
decoy29_50.pdb        3.00   57.14    8.19   7.510
decoy29_256.pdb       7.33   64.29    8.05   4.348
decoy29_259.pdb       7.09   75.00    7.98   6.719
decoy30_15.pdb        4.01   64.29    8.44   7.905
decoy30_53.pdb        4.78   85.71    9.04   2.767
decoy30_30.pdb        4.58   82.14    8.41   3.557
decoy30_42.pdb        4.63   85.71    8.88   3.162
decoy30_43.pdb        4.62   82.14    8.95   3.557
decoy30_29.pdb        4.52   82.14    8.33   3.953
decoy30_31.pdb        4.52   82.14    8.36   3.557
decoy30_34.pdb        4.59   82.14    8.43   3.557
decoy30_36.pdb        4.54   82.14    8.37   3.953
decoy30_39.pdb        4.53   82.14    8.37   3.953
decoy30_62.pdb        4.91   71.43    8.35   5.534
decoy30_27.pdb        4.93   82.14    8.38   3.557
decoy30_33.pdb        4.52   82.14    8.34   3.953
decoy30_38.pdb        4.69   85.71    8.96   3.557
decoy30_41.pdb        4.66   85.71    8.91   3.557
decoy30_49.pdb        4.77   78.57    9.18   2.767
decoy30_54.pdb        4.64   82.14    8.99   3.162
decoy30_265.pdb       9.04   50.00    9.12   5.534
decoy31_18.pdb        2.66   57.14    7.95   9.486
decoy31_153.pdb       5.86   78.57    8.48   1.976
decoy31_202.pdb       6.38   85.71    8.41   1.976
decoy31_210.pdb       6.36   82.14    8.37   1.976
decoy31_209.pdb       6.28   78.57    8.53   1.976
decoy32_31.pdb        2.81   67.86    8.26   8.696
decoy32_64.pdb        3.08   67.86    7.78  11.462
decoy33_2.pdb         3.78   57.14    7.77   8.696
decoy33_209.pdb       7.24   75.00    8.40   4.743
decoy33_212.pdb       7.21   78.57    8.43   4.743
decoy33_214.pdb       7.38   78.57    7.89   5.534
decoy33_216.pdb       7.08   82.14    8.23   4.743
decoy33_250.pdb       7.37   78.57    7.83   6.324
decoy33_205.pdb       7.52   78.57    7.89   6.324
decoy33_208.pdb       7.55   78.57    8.26   3.953
decoy33_213.pdb       7.89   82.14    8.14   4.743
decoy33_251.pdb       8.02   71.43    8.06   6.324
decoy34_1.pdb         2.96   39.29    7.99   9.881
decoy34_192.pdb       6.46   78.57    8.32   3.557
decoy34_305.pdb       9.04   53.57    8.25   7.510
decoy35_25.pdb        4.45   14.29    8.04   7.510
decoy36_1.pdb         1.84   57.14    8.52   9.881
decoy37_30.pdb        2.70   67.86    8.34   7.905
decoy37_289.pdb       7.02   78.57    8.20   6.719
decoy38_19.pdb        3.03   60.71    8.58   8.696
decoy38_150.pdb       4.73   60.71    8.17  11.067
decoy39_1.pdb         2.92   67.86    8.40   7.510
decoy39_92.pdb        3.11   60.71    8.54   8.300
decoy40_14.pdb        2.76   78.57    8.04  13.834
decoy40_142.pdb       4.47   75.00    7.72  10.277
decoy41_2.pdb         4.85   71.43    8.35   3.162
decoy41_7.pdb         4.94   75.00    8.48   3.557
decoy41_11.pdb        5.90   82.14    8.35   3.953
decoy41_38.pdb        6.04   89.29    8.37   3.162
decoy41_40.pdb        5.76   78.57    8.53   2.372
decoy41_49.pdb        5.99   71.43    8.19   3.162
decoy41_69.pdb        6.32   67.86    8.14   4.348
decoy41_72.pdb        6.10   89.29    8.36   3.162
decoy41_79.pdb        6.13   85.71    8.32   3.162
decoy41_81.pdb        6.26   89.29    8.39   3.162
decoy41_80.pdb        6.28   82.14    8.34   3.162
decoy41_109.pdb       7.16   82.14    8.28   3.557
decoy41_174.pdb       8.09   64.29    8.05   9.091
decoy41_181.pdb       8.45   78.57    8.14  11.858
decoy41_165.pdb       8.22   67.86    8.29   7.905
decoy41_167.pdb       8.53   75.00    8.32  10.672
decoy41_172.pdb       8.15   60.71    8.23   7.905
decoy41_182.pdb       8.23   60.71    8.24   8.300
decoy41_189.pdb       8.58   67.86    8.24  11.067
decoy41_190.pdb       8.04   60.71    8.26   8.300
decoy41_201.pdb       8.34   60.71    8.07  11.858
decoy42_26.pdb        2.94   64.29    8.82   7.510
decoy43_30.pdb        2.52   75.00    8.29  13.043
decoy43_95.pdb        3.75   42.86    8.77   7.905
decoy44_26.pdb        2.69   67.86    8.27   7.510
decoy45_38.pdb        3.48   71.43    8.10   8.300
decoy46_3.pdb         4.00   64.29    7.69   7.905
decoy46_4.pdb         3.98   67.86    7.71   7.115
decoy46_6.pdb         4.01   67.86    7.65   8.300
decoy46_59.pdb        4.61   67.86    7.90   3.162
decoy46_67.pdb        4.63   67.86    7.92   3.162
decoy46_80.pdb        5.89   67.86    8.00   3.557
decoy46_92.pdb        5.70   82.14    8.72   1.186
decoy46_82.pdb        5.99   85.71    7.89   3.953
decoy46_93.pdb        5.42   78.57    8.59   1.186
decoy46_87.pdb        5.81   78.57    8.34   1.976
decoy46_89.pdb        5.67   75.00    8.45   1.976
decoy46_91.pdb        5.75   78.57    8.44   2.372
decoy46_96.pdb        6.00   75.00    8.06   1.976
decoy46_136.pdb       6.23   85.71    8.22   3.557
decoy46_130.pdb       6.30   96.43    8.17   3.557
decoy46_131.pdb       6.16   96.43    8.18   3.557
decoy46_141.pdb       6.77   85.71    8.10   3.162
decoy46_147.pdb       6.32   89.29    8.24   3.557
decoy46_150.pdb       6.42   85.71    8.17   3.557
decoy46_132.pdb       6.36   85.71    8.31   3.557
decoy46_133.pdb       6.43   82.14    8.14   3.557
decoy46_139.pdb       6.31   89.29    8.01   3.557
decoy46_203.pdb       7.08   71.43    8.41   2.372
decoy46_229.pdb       8.04   64.29    8.33   3.557
decoy46_230.pdb       8.13   64.29    8.54   4.348
decoy47_49.pdb        2.17   71.43    8.55   7.510
decoy47_152.pdb       5.77   75.00    7.91   4.348
decoy47_163.pdb       5.64   78.57    8.03   4.743
decoy47_290.pdb       8.30   46.43    8.12   9.881
decoy48_25.pdb        4.02   64.29    7.65   5.929
decoy48_136.pdb       5.84   71.43    8.33   1.581
decoy49_1.pdb         3.86   67.86    7.84   4.743
decoy49_66.pdb        5.83   82.14    8.40   4.743
decoy49_69.pdb        5.83   82.14    8.52   4.743
decoy49_72.pdb        5.70   78.57    8.30   5.534
decoy49_109.pdb       6.34   85.71    8.31   4.743
decoy49_111.pdb       6.47   85.71    8.32   4.348
decoy49_112.pdb       6.81   85.71    8.25   4.743
decoy49_116.pdb       6.69   89.29    8.23   4.743
decoy49_139.pdb       6.33   85.71    8.37   4.743
decoy49_156.pdb       7.00   92.86    8.87   2.767
decoy49_160.pdb       7.54   75.00    8.89   2.767
decoy49_173.pdb       7.46   75.00    8.56   2.372
decoy49_180.pdb       7.15   82.14    8.63   2.372
decoy49_206.pdb       8.15   71.43    8.20   6.719
decoy49_207.pdb       8.10   67.86    8.38   5.929
decoy49_208.pdb       8.08   67.86    8.03   9.091
decoy50_6.pdb         4.00   60.71    7.54  11.067
decoy50_188.pdb       7.06   67.86    8.33   5.534
decoy51_3.pdb         4.97   67.86    7.73   3.162
decoy51_155.pdb       8.14   64.29    8.28   8.300
decoy52_1.pdb         3.05   67.86    8.29   9.881
decoy53_2.pdb         2.56   53.57    8.83   2.767
decoy54_9.pdb         2.71   64.29    8.07   9.091
decoy54_267.pdb       7.24   75.00    8.08   5.929
decoy55_1.pdb         4.81   75.00    8.96   1.581
decoy55_11.pdb        5.27   85.71    8.66   1.186
decoy55_3.pdb         5.25   78.57    8.67   1.186
decoy55_14.pdb        5.47   82.14    8.72   1.186
decoy55_10.pdb        5.68   75.00    8.72   1.186
decoy55_16.pdb        5.23   78.57    8.66   1.186
decoy55_33.pdb        5.76   82.14    8.59   1.581
decoy55_109.pdb       7.09   85.71    8.12   2.767
decoy55_111.pdb       7.12   85.71    8.15   2.372
decoy55_112.pdb       7.11   85.71    8.13   2.767
decoy55_137.pdb       7.23   71.43    8.06   4.348
decoy55_102.pdb       7.44   82.14    9.23   1.581
decoy55_116.pdb       7.07   71.43    8.14   2.372
decoy55_119.pdb       7.05   78.57    8.61   0.791
decoy55_146.pdb       7.09   82.14    8.13   1.976
decoy56_26.pdb        3.55   64.29    8.09   5.929
decoy57_48.pdb        3.00   67.86    8.11   9.091
decoy58_1.pdb         2.98   67.86    8.11   8.696
decoy58_168.pdb       5.64   89.29    7.86   3.162
decoy58_175.pdb       5.45   82.14    7.74   2.767
decoy58_180.pdb       5.72   75.00    8.23   4.348
decoy59_1.pdb         4.02   35.71    7.95  11.462
decoy60_2.pdb         2.76   57.14    8.10   7.510
decoy61_9.pdb         3.43   53.57    7.92   9.091
decoy62_4.pdb         4.04   75.00    8.35   5.929
decoy63_8.pdb         2.82   46.43    8.24   7.905
decoy64_1.pdb         3.82   17.86    7.92   6.324
decoy65_41.pdb        3.23   64.29    8.56   7.905
decoy65_267.pdb       8.12   64.29    7.78  13.439
decoy65_264.pdb       8.13   67.86    7.59  12.648
decoy66_11.pdb        2.99   60.71    8.39   8.300
decoy67_7.pdb         3.00   57.14    8.40   8.300
decoy68_6.pdb         2.85   67.86    8.27   7.115
decoy69_6.pdb         2.88   60.71    8.30   9.881
decoy70_15.pdb        3.96   75.00    7.90  10.277
decoy71_9.pdb         3.78   64.29    9.47   7.510
decoy72_12.pdb        3.32   53.57    7.97   9.091
decoy73_40.pdb        2.86   64.29    8.14  10.277
Average              5.306   66.80    8.36   6.627
Pcorr-to-dcyRMSD       -      0.09    0.09  -0.006
Native-rank-in-top1    -        No      No      No
Native-rank-in-top5    -        No      No      No
Native-Zscore          -    -1.660   0.581   0.030