>>-------------------- Decoy set detailed informations --------------------<<
ID:        1RIJ
Length:   23      Class: Alpha protein

Protein sequence and second structure: (H->helix;E->sheet;C->coil)
ALQELLGQWLKDGGPSSGRPPPS
HHHHHHHHHHHHCHHHCCCCCCC

EVENNESS:   0.779  npwRMSD:   0.882
RMSD-BIN  >0<  >1<  >2<  >3<  >4<  >5<  >6<  >7<  >8<  >9< >10< >11<  >12 TOTAL
N_Decoy    19   41   37   42   42   38   41   38    2    0    0    0    0   300

Name                  RMSD SEC_PCT R_GYRAT CNT_NUM
1RIJ.pdb              0.00   65.22    7.15  11.765
decoy0_1.pdb          0.18   52.17    7.15   9.804
decoy1_2.pdb          0.71   65.22    7.11  11.765
decoy1_6.pdb          0.86   52.17    7.33   7.190
decoy1_11.pdb         0.43   52.17    7.13  11.765
decoy1_12.pdb         0.44   65.22    7.13  11.111
decoy1_14.pdb         0.43   52.17    7.21  11.111
decoy1_17.pdb         0.80   52.17    7.26   7.843
decoy1_19.pdb         0.73   52.17    7.27   9.150
decoy1_1.pdb          0.67   52.17    7.23  11.765
decoy1_3.pdb          0.66   52.17    7.20  11.765
decoy1_4.pdb          0.95   47.83    7.27   7.843
decoy1_5.pdb          0.70   52.17    7.11  11.765
decoy1_7.pdb          1.00   65.22    7.35   7.843
decoy1_8.pdb          0.87   47.83    7.17  12.418
decoy1_9.pdb          0.40   52.17    7.14  11.765
decoy1_10.pdb         0.36   52.17    7.13  12.418
decoy1_13.pdb         0.44   52.17    7.14  12.418
decoy1_15.pdb         0.36   47.83    7.09  13.072
decoy1_16.pdb         0.98   52.17    7.30   9.150
decoy1_18.pdb         0.37   47.83    7.17  11.111
decoy2_10.pdb         2.99   47.83    7.49   7.190
decoy3_13.pdb         2.65   47.83    7.06  13.725
decoy3_61.pdb         3.57   73.91    6.75  13.725
decoy3_67.pdb         3.87   78.26    6.92  11.111
decoy3_72.pdb         3.75   73.91    6.99   5.882
decoy3_106.pdb        4.38   73.91    6.97   9.150
decoy3_124.pdb        4.45   52.17    6.98   7.843
decoy3_221.pdb        7.10   52.17    9.30   3.268
decoy3_222.pdb        7.03   56.52    9.26   4.575
decoy3_223.pdb        7.02   52.17    9.22   3.922
decoy3_224.pdb        7.09   52.17    9.17   3.922
decoy4_3.pdb          1.97   69.57    7.54   5.882
decoy4_63.pdb         3.49   73.91    7.17   7.190
decoy4_85.pdb         3.83   73.91    7.36   5.882
decoy4_89.pdb         3.53   73.91    7.14   7.190
decoy4_90.pdb         3.49   73.91    7.16   8.497
decoy4_108.pdb        4.67   73.91    7.14   6.536
decoy4_110.pdb        3.98   78.26    7.04   7.843
decoy4_118.pdb        4.70   73.91    7.13   7.190
decoy4_119.pdb        4.75   73.91    7.01   6.536
decoy4_124.pdb        4.28   73.91    7.07   7.843
decoy4_139.pdb        4.38   73.91    7.05   6.536
decoy4_145.pdb        4.19   78.26    7.05   9.150
decoy4_151.pdb        4.30   73.91    7.26   5.229
decoy4_154.pdb        4.19   73.91    7.08   6.536
decoy5_23.pdb         1.91   69.57    7.42   5.229
decoy5_161.pdb        4.52   73.91    7.13   6.536
decoy5_176.pdb        4.24   73.91    7.06   7.190
decoy6_3.pdb          1.85   52.17    6.99   8.497
decoy6_60.pdb         3.85   60.87    8.25   3.922
decoy6_62.pdb         3.83   60.87    8.43   1.307
decoy6_77.pdb         3.80   73.91    7.50   5.882
decoy6_79.pdb         3.59   69.57    7.68   3.922
decoy6_86.pdb         3.75   65.22    7.39   5.882
decoy6_103.pdb        3.68   52.17    7.52   6.536
decoy6_104.pdb        3.59   73.91    7.71   3.922
decoy6_112.pdb        4.04   73.91    8.75   0.000
decoy6_122.pdb        4.07   60.87    8.66   0.654
decoy6_157.pdb        5.43   60.87    9.50   0.000
decoy6_182.pdb        6.08   60.87    9.82   1.307
decoy6_190.pdb        7.67   60.87    9.30   1.307
decoy6_191.pdb        7.59   60.87    9.36   0.000
decoy6_188.pdb        7.00   60.87   10.31   0.654
decoy6_189.pdb        7.94   60.87   10.77   0.000
decoy7_3.pdb          1.76   69.57    7.19   5.229
decoy7_90.pdb         3.84   73.91    7.19   7.190
decoy7_63.pdb         3.68   73.91    7.46   3.922
decoy7_98.pdb         3.94   56.52    6.98   8.497
decoy7_126.pdb        4.19   56.52    6.88   9.150
decoy7_129.pdb        4.09   73.91    6.77  11.111
decoy7_135.pdb        4.24   78.26    6.89   9.804
decoy7_136.pdb        4.39   73.91    6.92   9.150
decoy7_144.pdb        4.40   73.91    6.90  10.458
decoy7_145.pdb        4.14   73.91    6.82  11.111
decoy7_153.pdb        4.10   73.91    6.80   8.497
decoy7_154.pdb        4.22   73.91    6.79   8.497
decoy8_8.pdb          2.36   69.57    7.43   6.536
decoy9_14.pdb         1.87   52.17    7.04   7.843
decoy9_228.pdb        6.90   52.17    9.08   1.961
decoy9_248.pdb        7.22   52.17    8.92   1.961
decoy9_250.pdb        7.17   52.17    8.92   1.961
decoy9_251.pdb        7.21   52.17    8.96   1.307
decoy9_252.pdb        7.17   52.17    8.86   1.307
decoy10_8.pdb         2.88   52.17    7.33   9.150
decoy10_33.pdb        3.85   78.26    7.34   3.922
decoy10_192.pdb       7.62   60.87    9.07   4.575
decoy10_193.pdb       7.15   47.83    8.60   4.575
decoy10_194.pdb       7.87   52.17    9.43   0.654
decoy10_195.pdb       7.78   52.17   10.03   0.654
decoy10_196.pdb       7.41   52.17    9.23   1.307
decoy10_197.pdb       7.25   52.17    9.03   1.307
decoy10_198.pdb       7.42   52.17    9.39   0.654
decoy10_199.pdb       8.17   52.17   10.20   0.654
decoy11_22.pdb        1.62   52.17    7.20   8.497
decoy11_111.pdb       3.84   73.91    7.11   7.843
decoy11_121.pdb       3.42   52.17    7.00   8.497
decoy11_122.pdb       3.63   78.26    7.06   7.843
decoy11_143.pdb       3.85   73.91    7.16   7.843
decoy11_145.pdb       3.59   52.17    7.11   7.190
decoy11_151.pdb       4.54   52.17    7.39   6.536
decoy11_253.pdb       7.20   47.83    8.43   6.536
decoy11_254.pdb       7.07   43.48    8.45   5.882
decoy11_257.pdb       7.22   52.17    8.44   6.536
decoy11_263.pdb       7.52   52.17    8.30   7.190
decoy11_265.pdb       6.97   52.17    7.87   9.150
decoy12_1.pdb         2.80   52.17    7.96   4.575
decoy13_1.pdb         1.78   69.57    6.83  13.072
decoy14_1.pdb         1.58   65.22    7.36   9.150
decoy14_251.pdb       5.92   60.87    8.14   5.229
decoy14_252.pdb       6.07   60.87    8.21   3.922
decoy15_27.pdb        1.71   69.57    7.10  11.111
decoy16_9.pdb         1.81   73.91    7.20  10.458
decoy17_1.pdb         1.92   60.87    6.98  10.458
decoy18_40.pdb        2.60   56.52    7.18   7.843
decoy18_184.pdb       7.42   52.17   10.40   0.000
decoy18_185.pdb       7.33   52.17    8.45   5.882
decoy18_187.pdb       7.49   52.17    9.39   0.654
decoy18_188.pdb       7.21   52.17   10.14   0.000
decoy18_190.pdb       7.19   47.83   10.13   0.000
decoy18_191.pdb       7.40   52.17    9.32   0.654
decoy18_192.pdb       8.55   52.17    9.96   1.307
decoy19_71.pdb        3.39   78.26    7.06   9.150
decoy20_4.pdb         2.41   47.83    7.55   6.536
decoy20_64.pdb        3.71   73.91    7.67   7.843
decoy20_198.pdb       6.38   60.87    9.88   2.614
decoy21_11.pdb        1.89   69.57    7.31   8.497
decoy21_212.pdb       5.09   73.91    7.99   2.614
decoy21_217.pdb       5.16   73.91    7.86   2.614
decoy21_220.pdb       5.32   73.91    7.76   3.268
decoy21_222.pdb       5.08   73.91    8.02   2.614
decoy21_226.pdb       5.55   73.91    8.21   1.961
decoy21_232.pdb       5.25   73.91    8.16   1.961
decoy21_233.pdb       5.18   73.91    7.66   4.575
decoy21_234.pdb       5.30   73.91    8.05   3.268
decoy21_241.pdb       5.20   73.91    7.70   3.268
decoy21_242.pdb       5.20   73.91    7.91   1.961
decoy21_243.pdb       5.32   73.91    8.22   1.961
decoy21_244.pdb       4.94   73.91    8.08   1.961
decoy22_22.pdb        1.95   65.22    7.46   5.229
decoy23_23.pdb        2.43   69.57    7.28   4.575
decoy24_2.pdb         1.77   52.17    7.58   4.575
decoy24_191.pdb       4.30   78.26    7.20   7.190
decoy25_14.pdb        1.91   69.57    7.49   3.922
decoy25_205.pdb       5.03   73.91    8.15   3.268
decoy25_216.pdb       4.83   65.22    8.29   1.307
decoy25_228.pdb       5.67   65.22    8.87   1.307
decoy25_240.pdb       5.29   73.91    8.18   1.307
decoy25_245.pdb       5.65   65.22    8.24   5.229
decoy25_252.pdb       6.61   69.57    8.74   1.307
decoy26_54.pdb        2.93   60.87    7.12  10.458
decoy26_198.pdb       6.19   65.22    8.37   3.268
decoy27_2.pdb         1.90   56.52    7.36   7.190
decoy27_193.pdb       6.51   52.17    8.94   1.307
decoy28_7.pdb         1.78   69.57    7.21  10.458
decoy28_201.pdb       5.34   52.17    8.09   2.614
decoy29_8.pdb         1.74   52.17    7.50   7.190
decoy30_1.pdb         1.96   56.52    7.21   6.536
decoy31_1.pdb         1.93   73.91    7.83   1.961
decoy31_202.pdb       6.01   78.26    9.05   1.307
decoy31_240.pdb       6.58   78.26    9.14   1.307
decoy31_238.pdb       6.36   73.91    9.25   1.307
decoy31_239.pdb       6.27   78.26    9.27   0.654
decoy31_241.pdb       6.64   73.91    9.04   1.961
decoy31_242.pdb       6.73   73.91    9.72   0.654
decoy31_243.pdb       6.81   78.26    9.19   1.307
decoy31_244.pdb       6.86   65.22    9.29   1.307
decoy31_245.pdb       6.66   73.91    8.91   3.268
decoy31_246.pdb       6.44   73.91    8.85   3.268
decoy31_247.pdb       6.44   73.91    9.00   1.961
decoy31_248.pdb       6.90   78.26    9.09   3.268
decoy31_250.pdb       6.86   73.91    9.02   2.614
decoy31_251.pdb       6.32   73.91    8.93   1.961
decoy31_252.pdb       6.71   73.91    8.98   2.614
decoy31_253.pdb       6.50   73.91    8.77   4.575
decoy31_254.pdb       6.49   73.91    8.88   3.268
decoy31_256.pdb       6.14   73.91    8.97   1.307
decoy31_257.pdb       6.64   73.91    8.98   3.268
decoy31_249.pdb       6.15   73.91    9.07   1.307
decoy31_255.pdb       6.87   73.91    9.05   3.268
decoy31_258.pdb       6.82   73.91    9.26   1.307
decoy31_259.pdb       6.97   73.91    9.31   1.307
decoy31_260.pdb       7.03   73.91    9.19   0.654
decoy31_261.pdb       7.03   73.91    9.17   1.961
decoy32_1.pdb         2.97   56.52    7.18  11.765
decoy33_7.pdb         1.71   69.57    7.04  10.458
decoy34_33.pdb        1.59   60.87    7.13   8.497
decoy34_202.pdb       5.20   73.91    8.25   3.922
decoy34_204.pdb       5.04   73.91    8.34   3.268
decoy34_207.pdb       5.11   60.87    8.18   7.190
decoy34_208.pdb       5.11   60.87    7.99   5.882
decoy34_210.pdb       5.15   69.57    8.33   3.922
decoy34_214.pdb       5.13   73.91    8.28   4.575
decoy34_218.pdb       5.10   69.57    8.05   6.536
decoy34_220.pdb       5.05   73.91    8.03   5.882
decoy34_224.pdb       5.06   60.87    7.95   8.497
decoy35_8.pdb         1.45   52.17    7.10  11.111
decoy36_43.pdb        1.73   73.91    7.15   9.150
decoy37_21.pdb        1.90   69.57    7.14   7.190
decoy38_1.pdb         1.62   60.87    7.47   5.882
decoy38_105.pdb       3.74   73.91    7.01   7.843
decoy38_175.pdb       5.09   73.91    7.42   5.882
decoy38_178.pdb       5.07   73.91    7.42   3.922
decoy39_5.pdb         1.83   56.52    6.76  11.111
decoy39_203.pdb       5.44   78.26    8.52   4.575
decoy39_207.pdb       5.77   78.26    9.16   0.000
decoy39_215.pdb       5.47   78.26    8.77   3.268
decoy39_206.pdb       5.71   78.26    8.75   5.229
decoy39_211.pdb       5.83   78.26    8.63   4.575
decoy39_220.pdb       5.74   78.26    8.71   6.536
decoy39_228.pdb       6.28   78.26    9.22   1.307
decoy39_224.pdb       6.29   78.26    9.06   1.961
decoy39_226.pdb       6.25   69.57    8.83   5.229
decoy39_227.pdb       6.08   78.26    8.84   3.922
decoy40_18.pdb        1.99   73.91    7.34   6.536
decoy41_1.pdb         1.82   52.17    7.74   2.614
decoy42_43.pdb        1.89   52.17    7.48   5.882
decoy43_9.pdb         2.83   56.52    7.55  11.111
decoy43_188.pdb       7.06   60.87   10.86   0.000
decoy43_189.pdb       6.80   60.87   10.78   0.000
decoy43_194.pdb       7.01   60.87   10.93   0.000
decoy43_207.pdb       7.35   47.83    9.18   3.268
decoy44_1.pdb         3.00   56.52    7.15   5.882
decoy45_3.pdb         1.78   69.57    6.92  11.111
decoy46_4.pdb         1.76   65.22    7.03   7.843
decoy47_1.pdb         1.99   60.87    7.41   3.922
decoy48_7.pdb         2.99   73.91    7.26   4.575
decoy49_5.pdb         2.94   73.91    7.37   5.882
decoy50_10.pdb        1.80   69.57    7.07  11.111
decoy50_154.pdb       4.58   78.26    8.40   3.922
decoy50_158.pdb       4.01   78.26    7.38   3.922
decoy50_171.pdb       4.17   78.26    7.36   4.575
decoy50_180.pdb       4.02   78.26    7.34   3.922
decoy50_181.pdb       4.65   78.26    7.39   4.575
decoy50_183.pdb       4.36   78.26    7.34   4.575
decoy50_184.pdb       4.22   78.26    7.31   4.575
decoy50_185.pdb       4.12   56.52    7.33   4.575
decoy50_204.pdb       5.43   73.91    7.63   7.190
decoy50_208.pdb       5.45   73.91    7.69   6.536
decoy50_213.pdb       5.23   73.91    7.48   7.190
decoy50_215.pdb       6.11   65.22    8.23   3.922
decoy51_81.pdb        2.91   52.17    7.46   2.614
decoy52_14.pdb        2.91   73.91    7.57   5.882
decoy53_20.pdb        2.56   69.57    7.09   5.882
decoy53_89.pdb        3.65   65.22    6.89   7.843
decoy54_40.pdb        1.94   69.57    7.11   7.843
decoy54_146.pdb       3.18   78.26    7.37   5.229
decoy55_46.pdb        1.87   52.17    7.16   9.804
decoy55_155.pdb       4.11   73.91    7.27   4.575
decoy55_275.pdb       6.00   47.83    7.29   8.497
decoy56_2.pdb         2.97   73.91    7.84   2.614
decoy56_8.pdb         3.80   73.91    8.22   2.614
decoy56_10.pdb        3.47   78.26    7.87   5.882
decoy56_15.pdb        4.03   73.91    8.17   5.882
decoy56_17.pdb        3.77   78.26    7.96   3.268
decoy56_25.pdb        3.15   73.91    7.45   5.229
decoy56_33.pdb        3.62   78.26    7.89   5.882
decoy56_34.pdb        3.16   78.26    8.00   2.614
decoy56_37.pdb        3.25   78.26    8.09   2.614
decoy56_51.pdb        3.33   73.91    8.06   2.614
decoy56_77.pdb        4.43   73.91    8.03   3.922
decoy56_93.pdb        4.09   73.91    7.96   1.961
decoy56_153.pdb       6.03   73.91    8.19   3.922
decoy57_1.pdb         2.96   56.52    7.73   7.843
decoy57_217.pdb       7.07   60.87    9.66   2.614
decoy58_59.pdb        2.60   52.17    7.62   5.229
decoy59_38.pdb        2.88   52.17    7.28   5.229
decoy60_1.pdb         3.00   60.87    7.57  10.458
decoy60_138.pdb       6.30   56.52    8.18   6.536
decoy61_13.pdb        3.33   69.57    7.02   7.190
decoy62_1.pdb         2.85   60.87    7.56  10.458
decoy63_1.pdb         2.84   60.87    7.65   4.575
decoy63_197.pdb       7.02   56.52    9.79   3.268
decoy63_198.pdb       7.03   56.52    9.57   3.922
decoy64_8.pdb         2.83   56.52    7.48   9.150
decoy64_113.pdb       4.36   78.26    7.56   3.268
decoy64_117.pdb       4.29   78.26    7.64   3.268
decoy65_22.pdb        2.06   52.17    7.18   7.190
decoy66_2.pdb         2.95   60.87    7.82   7.843
decoy67_18.pdb        1.96   52.17    7.23   9.804
decoy68_48.pdb        2.70   73.91    7.05   5.882
decoy69_20.pdb        2.98   73.91    7.15   3.922
decoy70_2.pdb         2.91   60.87    7.52   8.497
decoy71_17.pdb        1.68   69.57    7.10  10.458
decoy72_2.pdb         2.89   60.87    7.55   8.497
decoy73_12.pdb        2.88   73.91    7.33   5.229
decoy74_1.pdb         2.73   52.17    7.23  11.111
decoy75_6.pdb         2.94   56.52    7.61   9.150
decoy76_33.pdb        3.00   69.57    7.32   6.536
decoy77_9.pdb         2.94   60.87    7.69   3.922
decoy78_2.pdb         1.78   69.57    7.11   9.804
decoy78_119.pdb       4.25   73.91    7.14   7.843
decoy79_15.pdb        2.08   47.83    7.24   7.843
decoy80_5.pdb         4.01   69.57    7.52   3.922
decoy80_166.pdb       7.33   60.87    8.09   5.882
decoy81_32.pdb        2.40   47.83    7.46   3.922
decoy82_10.pdb        1.83   73.91    7.03  11.765
decoy83_6.pdb         2.94   56.52    7.61   3.922
decoy84_30.pdb        2.67   65.22    7.04   5.882
decoy84_78.pdb        3.64   78.26    6.84   7.843
decoy84_226.pdb       6.11   65.22    6.93  14.379
Average              4.265   65.48    7.93   5.608
Pcorr-to-dcyRMSD       -      0.10    0.79  -0.687
Native-rank-in-top1    -        No      No      No
Native-rank-in-top5    -        No      No      No
Native-Zscore          -    -0.026  -0.838   1.810