>>-------------------- Decoy set detailed informations --------------------<<
ID:        1ERY
Length:   39      Class: Alpha protein

Protein sequence and second structure: (H->helix;E->sheet;C->coil)
DECANAAAQCSITLCNLYCGPLIEICELTVMQNCEPPFS
CHHHHHHHHCCHHHHHHHHHHHHHHHHHHHHHHCCCCCC

EVENNESS:   0.889  npwRMSD:   0.856
RMSD-BIN  >0<  >1<  >2<  >3<  >4<  >5<  >6<  >7<  >8<  >9< >10< >11<  >12 TOTAL
N_Decoy    30   28   25   31   30   27   27   34   25   31   12    0    0   300

Name                  RMSD SEC_PCT R_GYRAT CNT_NUM
1ERY.pdb              0.00   76.92    8.14   8.378
decoy0_1.pdb          0.13   74.36    8.14   8.021
decoy1_1.pdb          0.46   71.79    8.20   6.774
decoy1_8.pdb          0.63   74.36    8.36   5.704
decoy1_9.pdb          0.65   74.36    8.32   6.239
decoy1_13.pdb         0.71   71.79    8.15   8.021
decoy1_15.pdb         0.56   76.92    8.27   6.417
decoy1_16.pdb         0.76   66.67    8.09   8.378
decoy1_24.pdb         0.32   74.36    8.15   8.021
decoy1_32.pdb         0.76   74.36    8.11   8.378
decoy1_45.pdb         0.76   71.79    8.25   6.239
decoy1_47.pdb         0.50   74.36    8.22   6.952
decoy1_2.pdb          0.83   71.79    8.21   6.952
decoy1_3.pdb          0.85   76.92    8.18   6.952
decoy1_4.pdb          0.45   71.79    8.23   6.952
decoy1_6.pdb          0.25   76.92    8.16   8.021
decoy1_7.pdb          0.42   69.23    8.21   7.130
decoy1_10.pdb         0.46   69.23    8.24   6.952
decoy1_11.pdb         0.91   71.79    8.21   6.952
decoy1_12.pdb         0.96   71.79    8.25   6.595
decoy1_14.pdb         1.02   69.23    8.44   5.704
decoy1_17.pdb         0.96   66.67    8.47   5.348
decoy1_18.pdb         0.74   66.67    8.14   8.556
decoy1_19.pdb         0.77   69.23    8.12   8.378
decoy1_23.pdb         0.97   71.79    8.55   4.456
decoy1_26.pdb         0.40   76.92    8.22   7.130
decoy1_27.pdb         0.78   69.23    8.33   7.130
decoy1_28.pdb         0.44   74.36    8.17   6.952
decoy1_29.pdb         0.63   76.92    8.15   8.021
decoy1_31.pdb         0.63   74.36    8.33   6.239
decoy1_34.pdb         0.63   74.36    8.22   6.417
decoy1_58.pdb         0.93   74.36    8.15   8.200
decoy1_60.pdb         1.04   74.36    8.13   7.843
decoy1_63.pdb         1.07   71.79    8.20   6.952
decoy1_75.pdb         1.06   74.36    8.22   7.130
decoy1_78.pdb         1.05   74.36    8.21   7.130
decoy1_87.pdb         1.06   76.92    8.28   7.487
decoy1_89.pdb         1.08   74.36    8.15   8.378
decoy1_90.pdb         1.00   74.36    8.13   8.021
decoy1_92.pdb         1.01   74.36    8.14   7.308
decoy2_35.pdb         1.92   71.79    8.58   4.991
decoy2_45.pdb         1.67   76.92    8.48   5.704
decoy2_47.pdb         1.89   76.92    8.54   4.991
decoy2_86.pdb         2.85   79.49    8.42   6.774
decoy2_176.pdb        4.94   76.92    8.83   3.743
decoy2_204.pdb        5.00   71.79    8.84   3.743
decoy2_206.pdb        5.04   76.92    8.80   3.565
decoy2_230.pdb        5.00   76.92    8.79   3.743
decoy3_13.pdb         3.99   74.36    8.21   5.169
decoy3_115.pdb        6.13   79.49    9.38   4.456
decoy3_125.pdb        6.38   76.92    9.41   3.565
decoy3_141.pdb        6.26   76.92    9.14   5.526
decoy3_142.pdb        6.17   76.92    9.21   5.169
decoy3_148.pdb        6.11   82.05    9.33   4.813
decoy3_150.pdb        6.19   79.49    9.36   5.169
decoy3_156.pdb        6.23   76.92    9.37   4.635
decoy4_1.pdb          1.85   76.92    8.51   4.813
decoy5_41.pdb         1.91   66.67    8.29   7.843
decoy5_18.pdb         1.90   74.36    8.23   8.200
decoy5_26.pdb         1.73   69.23    8.36   7.130
decoy5_40.pdb         1.64   66.67    8.16   9.269
decoy5_83.pdb         2.16   76.92    8.64   5.704
decoy6_7.pdb          1.78   74.36    8.38   6.417
decoy7_25.pdb         3.88   74.36    8.61   4.456
decoy7_286.pdb        9.41   71.79    8.76   4.813
decoy7_293.pdb        9.33   71.79    8.79   4.991
decoy7_280.pdb        9.12   74.36    8.70   6.061
decoy7_294.pdb        9.40   71.79    8.76   5.348
decoy7_295.pdb        9.31   71.79    8.73   6.239
decoy7_300.pdb        9.15   71.79    8.85   6.061
decoy7_301.pdb        9.08   71.79    8.75   5.169
decoy7_310.pdb        9.22   71.79    8.73   5.169
decoy7_315.pdb        9.16   76.92    8.85   2.674
decoy7_316.pdb        9.19   76.92    8.85   2.852
decoy7_317.pdb        9.22   71.79    8.69   6.417
decoy7_325.pdb        9.01   76.92    8.72   4.456
decoy8_8.pdb          2.96   64.10    8.30   6.417
decoy9_34.pdb         3.33   74.36    8.69   4.991
decoy9_256.pdb        8.94   79.49   10.23   2.674
decoy10_31.pdb        1.81   69.23    8.26   6.239
decoy11_4.pdb         1.96   71.79    8.61   4.813
decoy11_180.pdb       4.60   76.92    9.49   3.565
decoy12_1.pdb         3.02   82.05    8.70   4.813
decoy12_89.pdb        4.95   76.92    9.14   3.922
decoy12_126.pdb       5.44   76.92    8.36   5.704
decoy13_28.pdb        3.01   76.92    8.56   6.595
decoy13_36.pdb        3.89   82.05    8.80   6.952
decoy13_100.pdb       4.24   82.05    8.88   6.061
decoy13_101.pdb       4.49   82.05    8.97   5.526
decoy13_88.pdb        4.43   79.49    8.82   4.813
decoy13_90.pdb        4.71   82.05    9.15   4.635
decoy13_85.pdb        4.04   79.49    9.02   4.278
decoy13_271.pdb       9.03   69.23    9.10   4.278
decoy14_16.pdb        1.82   74.36    8.59   5.348
decoy14_95.pdb        3.70   84.62    8.90   3.209
decoy14_98.pdb        3.78   79.49    8.86   4.100
decoy14_99.pdb        3.48   79.49    8.83   3.743
decoy14_104.pdb       3.71   79.49    8.88   3.387
decoy14_105.pdb       3.42   79.49    8.78   3.922
decoy14_111.pdb       3.79   84.62    8.86   3.743
decoy14_112.pdb       3.60   84.62    8.82   3.743
decoy14_170.pdb       4.62   76.92    9.15   3.565
decoy14_180.pdb       4.84   79.49    9.15   3.565
decoy15_5.pdb         1.95   71.79    8.56   6.595
decoy15_238.pdb       8.99   76.92    9.68   2.674
decoy15_291.pdb       9.05   76.92    9.67   3.030
decoy15_252.pdb       9.51   74.36    9.00   2.674
decoy15_282.pdb       9.28   76.92    9.73   2.496
decoy15_284.pdb       9.72   76.92    9.87   2.852
decoy15_287.pdb       9.05   71.79    9.66   3.209
decoy15_289.pdb       9.85   76.92    9.97   1.961
decoy15_273.pdb       9.74   74.36    8.83   2.674
decoy15_276.pdb       9.58   71.79    9.04   1.604
decoy15_279.pdb       9.59   69.23    8.90   2.496
decoy15_286.pdb       9.64   71.79    9.08   1.783
decoy15_292.pdb       9.18   74.36    8.86   2.496
decoy15_293.pdb       9.28   74.36    9.55   2.496
decoy16_1.pdb         3.92   76.92    8.76   5.704
decoy16_64.pdb        5.72   82.05    8.83   4.278
decoy16_67.pdb        5.70   82.05    9.01   3.922
decoy16_74.pdb        5.72   79.49    9.06   3.565
decoy16_75.pdb        5.70   82.05    9.03   3.922
decoy16_76.pdb        5.73   82.05    8.96   3.743
decoy16_87.pdb        5.80   82.05    8.85   4.278
decoy16_93.pdb        5.88   79.49    9.03   3.922
decoy16_99.pdb        5.09   79.49    9.23   2.852
decoy16_124.pdb       6.24   82.05    9.37   4.100
decoy16_144.pdb       6.16   79.49    9.38   3.922
decoy16_154.pdb       7.49   84.62    9.50   4.278
decoy16_155.pdb       7.55   84.62    9.62   3.922
decoy16_157.pdb       7.72   82.05    9.75   1.961
decoy16_162.pdb       7.55   82.05    9.47   3.922
decoy16_167.pdb       7.51   84.62    9.38   4.456
decoy16_174.pdb       7.34   82.05    9.51   3.565
decoy16_177.pdb       7.48   84.62    9.67   4.100
decoy16_190.pdb       7.58   84.62    9.27   4.278
decoy16_193.pdb       7.34   82.05    9.34   4.991
decoy16_194.pdb       7.41   84.62    9.41   4.278
decoy16_200.pdb       7.50   82.05    9.47   3.743
decoy16_208.pdb       8.04   84.62    9.42   3.209
decoy16_212.pdb       7.99   84.62    9.45   3.565
decoy16_213.pdb       8.02   84.62    9.48   3.030
decoy16_218.pdb       7.95   84.62    9.42   3.387
decoy16_221.pdb       8.01   84.62    9.46   3.565
decoy16_222.pdb       8.04   84.62    9.48   3.743
decoy16_223.pdb       8.04   84.62    9.64   2.852
decoy16_224.pdb       7.98   84.62    9.50   3.209
decoy16_228.pdb       8.02   84.62    9.47   3.387
decoy16_229.pdb       7.97   84.62    9.49   3.387
decoy16_203.pdb       8.00   84.62    9.57   3.387
decoy16_219.pdb       8.04   82.05    9.38   3.030
decoy16_220.pdb       8.26   76.92    9.76   2.674
decoy16_230.pdb       8.00   84.62    9.43   3.387
decoy16_231.pdb       8.05   84.62    9.58   3.387
decoy16_234.pdb       8.22   84.62    9.50   2.674
decoy17_1.pdb         2.82   71.79    8.33   6.952
decoy18_6.pdb         2.96   76.92    9.06   3.209
decoy19_6.pdb         1.71   66.67    8.75   5.348
decoy20_2.pdb         3.98   79.49    8.79   4.813
decoy20_67.pdb        4.98   74.36    9.37   3.030
decoy20_55.pdb        4.90   76.92    9.40   3.209
decoy20_63.pdb        4.98   79.49    9.48   2.674
decoy20_81.pdb        4.92   79.49    9.46   3.030
decoy20_83.pdb        4.85   79.49    9.44   2.852
decoy20_84.pdb        4.94   79.49    9.33   3.030
decoy20_96.pdb        4.97   79.49    9.15   2.674
decoy20_97.pdb        4.86   76.92    9.44   2.674
decoy20_98.pdb        4.73   79.49    9.42   3.030
decoy20_99.pdb        4.81   71.79    9.52   2.496
decoy20_111.pdb       4.99   76.92    9.24   4.100
decoy20_121.pdb       5.12   79.49    9.48   2.674
decoy21_49.pdb        2.65   74.36    8.45   5.169
decoy22_14.pdb        3.54   71.79    8.57   4.100
decoy23_19.pdb        2.58   71.79    8.14   7.843
decoy23_83.pdb        3.93   76.92    9.36   3.387
decoy23_118.pdb       4.42   79.49    9.49   2.317
decoy23_128.pdb       4.11   74.36    9.69   2.139
decoy24_4.pdb         1.88   76.92    8.77   5.169
decoy24_5.pdb         1.87   74.36    8.74   4.991
decoy24_10.pdb        1.75   74.36    8.72   5.348
decoy24_129.pdb       5.36   71.79    9.32   4.100
decoy25_2.pdb         1.88   61.54    8.56   5.348
decoy25_149.pdb       4.10   76.92    8.65   5.704
decoy26_5.pdb         3.92   79.49    9.05   3.387
decoy27_4.pdb         2.75   71.79    8.03   7.487
decoy27_101.pdb       4.15   76.92    8.61   5.526
decoy27_188.pdb       5.05   84.62    8.95   3.743
decoy28_45.pdb        2.55   69.23    8.40   5.169
decoy29_4.pdb         1.93   74.36    8.37   7.130
decoy30_20.pdb        2.84   71.79    8.66   4.991
decoy31_10.pdb        2.48   79.49    8.75   4.813
decoy32_3.pdb         2.97   74.36    8.55   5.348
decoy33_24.pdb        3.84   71.79    8.58   6.239
decoy33_128.pdb       6.18   82.05    9.40   3.209
decoy33_206.pdb       7.98   82.05    9.22   3.209
decoy33_222.pdb       8.73   84.62    9.22   3.922
decoy33_256.pdb       8.60   82.05    9.24   3.387
decoy33_265.pdb       8.78   82.05    9.27   3.922
decoy33_266.pdb       8.81   84.62    9.13   3.922
decoy33_249.pdb       8.77   82.05    9.13   4.278
decoy33_267.pdb       8.82   79.49    9.27   3.743
decoy33_268.pdb       9.05   79.49    9.67   3.743
decoy34_14.pdb        3.51   79.49    8.83   3.922
decoy34_34.pdb        3.50   76.92    8.85   4.278
decoy34_35.pdb        3.44   76.92    8.76   4.635
decoy34_45.pdb        3.34   82.05    8.68   4.456
decoy35_32.pdb        2.83   71.79    8.73   5.526
decoy36_15.pdb        3.02   64.10    8.32   5.704
decoy37_20.pdb        2.98   71.79    8.81   4.813
decoy38_3.pdb         2.23   74.36    8.40   5.704
decoy38_275.pdb       9.24   79.49    9.09   3.209
decoy38_277.pdb       9.21   79.49    9.12   3.565
decoy39_4.pdb         2.91   56.41    8.15   8.021
decoy40_1.pdb         3.94   69.23    8.35   6.239
decoy41_1.pdb         4.96   58.97    9.44   3.565
decoy41_4.pdb         5.90   82.05    9.47   3.922
decoy41_5.pdb         6.00   84.62    9.75   3.565
decoy41_6.pdb         5.99   84.62    9.49   3.922
decoy41_7.pdb         5.97   84.62    9.50   4.100
decoy41_8.pdb         5.92   84.62    9.53   3.922
decoy41_9.pdb         5.98   84.62    9.68   3.387
decoy41_10.pdb        5.89   84.62    9.50   3.743
decoy41_12.pdb        5.99   82.05    9.79   3.565
decoy41_14.pdb        5.95   82.05    9.56   3.922
decoy41_17.pdb        5.94   71.79    9.37   3.922
decoy41_18.pdb        5.92   71.79    9.46   3.743
decoy41_58.pdb        6.38   79.49    9.74   3.030
decoy41_72.pdb        6.38   82.05    9.81   3.743
decoy41_123.pdb       7.25   84.62   10.02   2.496
decoy41_128.pdb       7.25   87.18    9.90   2.317
decoy41_130.pdb       8.03   82.05    9.65   2.674
decoy41_143.pdb       8.04   82.05    9.76   2.496
decoy41_168.pdb       8.00   82.05    9.69   2.674
decoy41_156.pdb       8.24   82.05    9.97   2.674
decoy42_1.pdb         3.03   61.54    8.48   6.417
decoy42_172.pdb       6.91   76.92    9.18   6.595
decoy43_10.pdb        2.55   76.92    8.76   4.278
decoy43_175.pdb       6.93   82.05    9.52   3.387
decoy43_173.pdb       6.99   84.62    9.26   3.922
decoy43_174.pdb       7.02   84.62    9.49   3.565
decoy43_176.pdb       6.94   84.62    9.30   3.743
decoy43_178.pdb       7.01   84.62    9.34   3.743
decoy43_180.pdb       7.00   84.62    9.49   3.209
decoy43_224.pdb       7.24   84.62    9.54   3.743
decoy43_229.pdb       7.79   84.62    9.46   4.278
decoy43_230.pdb       7.05   82.05    9.37   4.100
decoy43_244.pdb       7.04   79.49   10.02   2.139
decoy43_245.pdb       7.03   79.49    9.88   2.852
decoy43_246.pdb       7.08   76.92    9.80   3.209
decoy43_249.pdb       7.07   82.05    9.45   3.922
decoy43_223.pdb       7.15   84.62    9.55   3.565
decoy43_225.pdb       7.10   87.18    9.42   3.743
decoy43_226.pdb       7.26   87.18    9.59   3.743
decoy43_227.pdb       7.11   84.62    9.59   3.387
decoy44_1.pdb         2.43   74.36    8.23   6.417
decoy45_6.pdb         2.94   69.23    8.66   3.387
decoy45_110.pdb       4.08   84.62    8.44   3.387
decoy46_4.pdb         3.73   71.79    8.91   5.169
decoy46_130.pdb       6.71   79.49    9.43   2.674
decoy46_135.pdb       6.72   82.05    9.51   2.674
decoy46_136.pdb       6.72   79.49    9.60   1.961
decoy46_137.pdb       6.74   79.49    9.53   2.317
decoy46_138.pdb       6.70   79.49    9.61   1.783
decoy46_145.pdb       6.71   79.49    9.58   2.139
decoy46_146.pdb       6.75   79.49    9.69   2.317
decoy46_147.pdb       6.70   79.49    9.74   1.426
decoy46_158.pdb       6.70   79.49    9.70   1.783
decoy46_178.pdb       7.85   79.49   10.08   1.070
decoy46_184.pdb       7.62   79.49    9.63   2.852
decoy46_211.pdb       8.21   84.62    9.50   2.852
decoy47_2.pdb         5.77   58.97    9.62   4.635
decoy47_173.pdb       9.12   82.05    9.73   1.070
decoy48_1.pdb         3.92   64.10    8.92   3.209
decoy48_70.pdb        5.91   76.92    9.84   2.139
decoy48_107.pdb       6.03   82.05    9.83   2.139
decoy49_11.pdb        2.99   71.79    8.76   3.922
decoy50_13.pdb        2.63   82.05    8.50   5.526
decoy51_18.pdb        2.44   71.79    8.62   4.456
decoy52_2.pdb         2.18   74.36    8.57   5.704
decoy53_10.pdb        2.81   69.23    8.32   6.952
decoy54_1.pdb         3.72   74.36    8.49   4.991
decoy54_243.pdb      10.07   74.36    9.32   2.852
decoy54_246.pdb      10.05   66.67    9.21   3.209
decoy54_240.pdb      10.14   74.36    9.24   3.030
decoy54_244.pdb      10.14   66.67    9.30   2.139
decoy54_245.pdb       9.99   76.92    9.26   2.317
decoy54_239.pdb      10.08   74.36    9.31   2.852
decoy54_241.pdb      10.06   76.92    9.18   3.743
decoy54_242.pdb      10.05   74.36    9.18   3.387
decoy55_10.pdb        2.92   53.85    8.95   4.813
decoy56_1.pdb         4.97   69.23    9.13   2.317
decoy57_23.pdb        3.66   53.85    8.69   6.952
decoy58_38.pdb        3.42   69.23    9.15   3.030
decoy59_11.pdb        4.00   64.10    8.81   3.387
decoy60_2.pdb         4.99   30.77    8.47   4.635
decoy60_234.pdb      10.01   35.90    9.09   4.278
decoy60_235.pdb      10.00   35.90    9.16   4.456
decoy60_233.pdb      10.02   43.59    8.88   4.813
decoy60_236.pdb      10.03   38.46    8.94   4.278
decoy60_237.pdb       9.99   38.46    9.12   3.565
decoy60_231.pdb      10.05   41.03    9.09   4.278
Average              5.268   75.98    9.01   4.461
Pcorr-to-dcyRMSD       -      0.13    0.73  -0.696
Native-rank-in-top1    -        No      No      No
Native-rank-in-top5    -        No      No      No
Native-Zscore          -     0.112  -1.639   2.314