>>-------------------- Decoy set detailed informations --------------------<<
ID:        1E0L
Length:   37      Class: Beta protein

Protein sequence and second structure: (H->helix;E->sheet;C->coil)
GATAVSEWTEYKTADGKTYYYNNRTLESTWEKPQELK
CCCCCCCEEEEEECCCEEEEEECCCCEEECCCCCCCC

EVENNESS:   0.891  npwRMSD:   0.816
RMSD-BIN  >0<  >1<  >2<  >3<  >4<  >5<  >6<  >7<  >8<  >9< >10< >11<  >12 TOTAL
N_Decoy     1   10   29   30   27   29   27   31   30   31   28   27    0   300

Name                  RMSD SEC_PCT R_GYRAT CNT_NUM
1E0L.pdb              0.00   40.54   10.01   9.073
decoy0_1.pdb          0.08   40.54   10.00   9.073
decoy1_6.pdb          1.37   40.54   10.04   9.677
decoy1_2.pdb          1.44   40.54   10.10   8.871
decoy1_4.pdb          1.45   40.54   10.09   8.669
decoy1_8.pdb          1.71   40.54   10.11   9.476
decoy1_1.pdb          1.58   40.54   10.14   8.669
decoy1_3.pdb          1.76   48.65   10.09   8.871
decoy1_5.pdb          1.57   48.65   10.13   8.468
decoy1_7.pdb          1.86   40.54   10.12   8.266
decoy1_9.pdb          1.88   40.54   10.02   8.266
decoy1_24.pdb         2.68   62.16    9.31   9.274
decoy1_57.pdb         2.94   62.16    9.32   9.274
decoy1_15.pdb         2.94   62.16    9.31   9.274
decoy1_25.pdb         2.74   59.46    9.32  10.282
decoy1_26.pdb         2.80   72.97    9.33  10.282
decoy1_34.pdb         2.92   62.16    9.32   9.274
decoy1_35.pdb         2.96   62.16    9.33   9.274
decoy1_49.pdb         2.45   54.05    9.63   9.476
decoy1_51.pdb         2.71   62.16    9.27   9.476
decoy1_56.pdb         2.88   51.35    9.33   9.073
decoy1_23.pdb         2.68   62.16    9.30   9.879
decoy1_28.pdb         2.71   67.57    9.38   9.073
decoy1_48.pdb         2.48   51.35    9.66   9.073
decoy2_5.pdb          2.72   59.46    9.42   9.073
decoy2_2.pdb          2.93   48.65    9.45   9.476
decoy2_36.pdb         6.26   59.46    9.08  10.081
decoy2_78.pdb         7.60   67.57    9.54  12.097
decoy2_80.pdb         7.54   67.57    9.52  12.298
decoy2_68.pdb         7.52   67.57    9.57  12.298
decoy3_10.pdb         2.69   59.46    9.69   8.669
decoy3_11.pdb         2.68   59.46    9.56   9.073
decoy3_7.pdb          2.37   40.54    9.84   9.073
decoy3_9.pdb          2.66   59.46    9.66   9.073
decoy3_16.pdb         3.03   59.46    9.41  10.282
decoy3_47.pdb         5.54   67.57    9.05  10.282
decoy3_50.pdb         5.74   56.76    9.03  11.694
decoy3_51.pdb         5.74   62.16    8.96  11.290
decoy3_204.pdb        8.10   62.16    9.91  11.290
decoy3_202.pdb        8.02   51.35    9.72  12.500
decoy3_190.pdb        8.35   62.16    9.80  13.306
decoy3_212.pdb        8.46   62.16   10.02  12.903
decoy3_178.pdb        8.12   62.16    9.79  13.911
decoy4_1.pdb          2.81   59.46   10.02   8.065
decoy4_145.pdb        7.90   62.16    9.92  13.911
decoy4_124.pdb        7.46   64.86    9.69  12.500
decoy4_172.pdb        8.67   59.46    9.28  11.290
decoy5_6.pdb          3.78   45.95    9.79   9.274
decoy5_46.pdb         6.90   67.57    9.34  12.097
decoy5_65.pdb         6.94   67.57    9.25  11.895
decoy6_1.pdb          1.85   40.54   10.08   9.274
decoy6_16.pdb         3.76   54.05    9.56   8.266
decoy6_13.pdb         3.79   54.05    9.45   9.476
decoy6_19.pdb         3.73   45.95    9.84   8.669
decoy6_55.pdb         5.97   43.24    9.91  10.484
decoy6_38.pdb         5.97   43.24    9.93  10.484
decoy6_119.pdb        7.97   62.16    9.57  13.710
decoy6_159.pdb        8.15   62.16    9.57  14.718
decoy6_153.pdb        8.30   59.46    9.18  11.694
decoy6_176.pdb        9.15   59.46    9.63  11.290
decoy6_168.pdb        9.00   59.46    9.37  11.694
decoy6_179.pdb        9.00   59.46    9.47  11.492
decoy6_181.pdb        9.10   59.46    9.55  11.895
decoy7_10.pdb         5.84   43.24    9.71  10.887
decoy7_20.pdb         7.05   62.16    9.64  11.895
decoy7_167.pdb        8.02   72.97    9.49  12.702
decoy7_169.pdb        8.12   54.05    9.50  12.702
decoy8_8.pdb          5.94   59.46    9.71   9.879
decoy9_9.pdb          3.89   62.16   10.09   8.468
decoy9_4.pdb          3.94   59.46   10.09   8.065
decoy9_13.pdb         3.97   59.46   10.17   8.065
decoy10_28.pdb        7.00   64.86    9.58  12.298
decoy10_49.pdb        7.67   62.16    9.94  12.702
decoy10_73.pdb        7.71   64.86    9.91  13.508
decoy10_65.pdb        7.86   59.46   10.05  12.097
decoy10_88.pdb        8.53   56.76    9.03  12.500
decoy10_126.pdb       8.15   67.57   10.07  12.702
decoy10_135.pdb       9.58   67.57   10.22  13.508
decoy10_138.pdb       9.61   54.05   10.28  13.105
decoy10_150.pdb       9.16   59.46   10.01  13.508
decoy11_4.pdb         4.93   40.54    9.71   9.274
decoy11_114.pdb       7.77   64.86    9.66  13.105
decoy11_120.pdb       7.91   62.16   10.05  11.694
decoy11_182.pdb       8.36   64.86    9.97  13.911
decoy11_230.pdb       9.14   59.46    9.57  13.911
decoy12_3.pdb         3.88   64.86    9.69   8.468
decoy12_16.pdb        3.77   56.76    9.89   8.266
decoy12_25.pdb        3.96   62.16    9.65   8.266
decoy12_41.pdb        3.92   64.86    9.58   8.266
decoy12_132.pdb       8.39   56.76    9.55  13.508
decoy12_146.pdb       8.24   62.16    9.48  13.710
decoy13_10.pdb        2.96   43.24    9.52   9.476
decoy13_37.pdb        3.70   62.16    9.68   8.468
decoy13_38.pdb        3.70   62.16    9.68   8.669
decoy13_30.pdb        3.77   62.16    9.70   8.266
decoy13_153.pdb       6.75   48.65    9.93  12.298
decoy14_3.pdb         3.38   35.14   10.07   8.065
decoy14_66.pdb        6.63   64.86    9.23  13.105
decoy14_62.pdb        6.95   59.46    8.83  12.702
decoy14_76.pdb        6.90   70.27    9.06  12.903
decoy14_85.pdb        6.67   64.86    9.20  12.903
decoy14_91.pdb        7.00   62.16    8.89  12.298
decoy14_118.pdb       7.74   64.86    9.62  13.105
decoy14_112.pdb       7.01   70.27    9.08  12.097
decoy14_114.pdb       7.45   54.05    9.65  13.508
decoy15_5.pdb         4.70   62.16    9.50   9.476
decoy15_53.pdb        6.76   62.16    9.63  12.097
decoy15_81.pdb        7.95   62.16    9.80  14.516
decoy15_68.pdb        7.96   62.16   10.05  12.500
decoy15_138.pdb       8.44   67.57    9.99  13.710
decoy15_150.pdb       8.14   62.16    9.86  13.710
decoy15_140.pdb       8.27   62.16    9.73  14.718
decoy15_141.pdb       8.02   62.16   10.03  12.702
decoy16_12.pdb        2.67   45.95    9.82   8.065
decoy16_52.pdb        3.02   59.46    9.92   7.661
decoy16_61.pdb        3.51   59.46    9.62  10.081
decoy16_207.pdb       7.20   64.86    9.45  12.097
decoy16_208.pdb       7.15   67.57    9.37  12.702
decoy16_191.pdb       7.15   51.35    9.47  12.097
decoy16_206.pdb       7.18   64.86    9.43  12.298
decoy17_3.pdb         4.85   40.54   10.09   8.266
decoy17_124.pdb       7.26   59.46    9.45  13.508
decoy18_10.pdb        4.73   43.24   10.12   8.266
decoy18_55.pdb        6.20   56.76    9.15  10.685
decoy19_3.pdb         3.90   43.24    9.54   9.073
decoy20_2.pdb         5.85   37.84    9.66  10.282
decoy20_99.pdb        8.01   70.27    9.57  11.895
decoy20_102.pdb       7.89   64.86    9.77  12.903
decoy21_9.pdb         4.11   45.95    9.34  11.089
decoy21_129.pdb       6.91   54.05    9.98  13.710
decoy21_150.pdb       6.54   64.86    9.88  13.105
decoy22_3.pdb         5.67   45.95    9.94  10.685
decoy22_63.pdb        7.35   56.76    9.56  11.290
decoy23_17.pdb        5.79   51.35    9.66  12.097
decoy24_1.pdb         2.96   48.65    9.51  10.081
decoy24_22.pdb        3.60   67.57    9.48   8.669
decoy25_11.pdb        2.84   54.05   10.10   7.258
decoy25_159.pdb       8.94   56.76    9.48  13.911
decoy25_209.pdb       9.15   62.16    9.91  13.306
decoy26_5.pdb         2.61   35.14    9.66   9.677
decoy27_38.pdb        3.48   51.35    9.35  10.282
decoy27_228.pdb       7.58   59.46    9.80  12.500
decoy28_1.pdb         2.88   43.24   10.20   8.871
decoy28_58.pdb        3.98   43.24    9.51   9.476
decoy28_126.pdb       5.29   59.46    9.59   7.661
decoy28_110.pdb       5.61   48.65    9.94   7.460
decoy28_132.pdb       5.69   62.16   10.03   7.460
decoy28_192.pdb       6.51   64.86    9.80  10.484
decoy29_1.pdb         5.00   29.73    9.06  11.694
decoy30_9.pdb         2.84   48.65    9.21   9.476
decoy31_5.pdb         4.88   45.95    9.32  10.887
decoy32_5.pdb         7.23   75.68    9.60  16.331
decoy32_61.pdb        9.63   70.27   10.45  13.911
decoy32_77.pdb        9.92   62.16    9.40  12.702
decoy32_115.pdb      10.32   62.16   10.10  12.903
decoy32_117.pdb      10.02   59.46    9.37  11.895
decoy32_146.pdb      10.06   62.16    9.36  12.702
decoy32_113.pdb      10.11   62.16    9.43  12.702
decoy32_121.pdb      10.00   62.16    9.38  12.500
decoy32_123.pdb      10.58   54.05   10.26  12.097
decoy32_125.pdb      10.39   56.76   10.11  12.702
decoy32_127.pdb      10.45   62.16   10.04  13.105
decoy32_129.pdb      10.05   62.16    9.39  12.097
decoy32_130.pdb      10.28   67.57   10.12  12.500
decoy32_131.pdb      10.34   56.76    9.99  12.702
decoy32_132.pdb      10.33   56.76   10.01  12.097
decoy32_133.pdb      10.68   62.16   10.13  12.500
decoy32_134.pdb      10.39   56.76   10.07  13.306
decoy32_135.pdb      10.51   56.76   10.20  12.097
decoy32_136.pdb      10.43   56.76   10.08  13.105
decoy32_137.pdb      10.64   56.76   10.30  12.298
decoy32_138.pdb      10.26   56.76   10.01  13.306
decoy32_139.pdb      10.40   67.57   10.09  12.702
decoy32_141.pdb      10.56   56.76   10.13  13.105
decoy32_142.pdb      10.51   56.76   10.24  12.298
decoy32_151.pdb      10.39   56.76   10.04  12.500
decoy33_14.pdb        7.33   54.05    9.09  10.484
decoy33_101.pdb       9.07   56.76   10.20  13.306
decoy33_147.pdb       9.96   56.76    9.11  14.113
decoy33_158.pdb      10.09   40.54    9.15  14.919
decoy34_1.pdb         6.35   40.54    8.96  11.290
decoy34_181.pdb      11.06   59.46    9.78  12.702
decoy34_182.pdb      11.01   62.16    9.72  13.105
decoy35_2.pdb         4.63   13.51    9.81   5.444
decoy36_3.pdb         7.73   59.46    9.34  14.113
decoy36_60.pdb        8.67   54.05    9.62  12.903
decoy36_99.pdb        9.36   56.76   10.28  13.911
decoy37_3.pdb         2.78   40.54    9.66   8.065
decoy37_166.pdb       9.45   70.27   10.07  14.113
decoy38_1.pdb         6.81   56.76    9.45  10.282
decoy39_5.pdb         4.81   21.62    9.68   7.661
decoy39_132.pdb       9.30   70.27   10.29  13.911
decoy39_133.pdb       9.45   70.27   10.33  14.516
decoy40_4.pdb         6.56   29.73    9.97  10.685
decoy41_1.pdb         4.31   10.81   10.30   5.444
decoy42_1.pdb         4.65   40.54    9.47   7.460
decoy43_2.pdb         4.76   37.84    9.55  10.887
decoy44_1.pdb         2.83   35.14    9.82   8.266
decoy44_271.pdb      11.38   59.46   10.82  10.484
decoy44_274.pdb      11.01   59.46   10.74  10.484
decoy44_270.pdb      11.21   59.46   10.67  11.694
decoy44_272.pdb      11.03   54.05   10.85  10.484
decoy44_273.pdb      11.36   59.46   10.83  11.089
decoy45_14.pdb        3.77   48.65    9.62  11.290
decoy46_21.pdb        7.73   64.86    9.58  12.097
decoy46_129.pdb       9.37   62.16    9.21  14.113
decoy47_1.pdb         5.92   48.65    9.37  14.113
decoy48_1.pdb         3.81   56.76    9.32   8.266
decoy49_1.pdb         5.60   51.35    8.88  15.927
decoy50_9.pdb         6.92   62.16    8.75  11.290
decoy50_120.pdb       9.47   70.27    9.34  11.089
decoy50_126.pdb       9.55   72.97    9.31  10.887
decoy50_111.pdb       9.54   70.27    9.42  11.290
decoy50_117.pdb       9.69   62.16    9.46  10.685
decoy50_118.pdb       9.69   70.27    9.41  11.089
decoy50_124.pdb       9.56   70.27    9.41  10.484
decoy51_1.pdb         4.21   54.05    8.86   9.879
decoy51_21.pdb        4.69   45.95    8.94   9.073
decoy51_161.pdb       9.45   62.16    9.48  11.895
decoy51_253.pdb      11.03   70.27   10.20   9.879
decoy52_2.pdb         5.42   35.14    9.88   6.855
decoy52_223.pdb      11.39   40.54   10.05   9.677
decoy52_228.pdb      11.15   45.95    9.76   9.274
decoy52_224.pdb      11.42   45.95   10.17   9.677
decoy53_1.pdb         3.99   62.16   10.02   7.056
decoy53_14.pdb        4.79   59.46    9.71   8.468
decoy53_96.pdb        6.97   62.16    8.93  11.694
decoy53_196.pdb       8.88   67.57   10.80  13.710
decoy53_170.pdb       8.47   54.05   10.70   9.879
decoy53_255.pdb      10.13   59.46   10.18  11.694
decoy53_254.pdb      10.18   75.68   10.17  12.702
decoy54_8.pdb         4.43    5.41   10.37   4.435
decoy55_5.pdb         6.84   56.76    9.21   9.073
decoy56_1.pdb         3.75   32.43   10.62   6.250
decoy57_1.pdb         5.76   54.05    9.51  12.903
decoy58_5.pdb         3.87   54.05    9.57  10.081
decoy58_18.pdb        6.11   78.38    9.93  11.694
decoy58_110.pdb       9.33   56.76   10.33  14.113
decoy58_102.pdb       9.21   64.86   10.27  14.516
decoy59_2.pdb         3.71   40.54    9.26   9.274
decoy60_1.pdb         6.91   48.65    9.88   8.065
decoy60_192.pdb      11.04   48.65    9.24   8.468
decoy60_199.pdb      11.01   40.54    9.23   8.669
decoy60_191.pdb      11.08   45.95    9.21   8.871
decoy60_193.pdb      11.02   51.35    9.26   8.468
decoy60_195.pdb      11.31   35.14    9.47   8.669
decoy60_198.pdb      11.02   37.84    9.25   9.073
decoy60_201.pdb      11.04   32.43    9.25   8.468
decoy60_203.pdb      11.30   43.24    9.56   8.266
decoy60_197.pdb      11.03   40.54    9.19   9.476
decoy60_190.pdb      10.98   29.73    9.38   8.065
decoy60_194.pdb      11.04   35.14    9.32   8.871
decoy60_196.pdb      11.11   40.54    9.34   8.468
decoy60_200.pdb      11.11   35.14    9.39   8.266
decoy60_202.pdb      11.04   40.54    9.31   8.266
decoy60_204.pdb      11.24   54.05    9.62   9.476
decoy61_31.pdb        6.94   72.97    8.96  11.290
decoy61_114.pdb       8.47   78.38    9.32  12.097
decoy61_126.pdb       8.34   75.68    9.37  10.887
decoy61_182.pdb       9.07   59.46    9.18  11.290
decoy61_233.pdb       9.96   54.05    9.79   9.476
decoy61_204.pdb      10.50   59.46    9.91  11.290
decoy61_192.pdb      10.42   56.76    9.98  10.887
decoy61_240.pdb      11.02   48.65    9.97   7.661
decoy61_241.pdb      11.07   54.05   10.03   7.863
decoy62_13.pdb        3.67   54.05   10.08   5.645
decoy62_45.pdb        4.20   67.57    9.77   5.242
decoy62_127.pdb       5.69   70.27   10.08   8.266
decoy62_121.pdb       5.93   64.86   10.14   8.065
decoy62_96.pdb        5.83   64.86   10.18   8.266
decoy62_102.pdb       5.64   67.57   10.04   8.065
decoy62_123.pdb       5.94   64.86   10.17   8.065
decoy62_94.pdb        6.03   72.97   10.11   8.468
decoy62_97.pdb        5.72   64.86   10.06   8.266
decoy62_112.pdb       5.71   64.86   10.11   8.065
decoy62_113.pdb       5.59   62.16   10.07   7.661
decoy62_147.pdb       6.03   62.16   10.53   7.056
decoy62_165.pdb       6.25   70.27   11.00   8.266
decoy62_179.pdb       6.13   59.46   10.97   8.468
decoy62_281.pdb       9.14   75.68   10.11   7.460
decoy63_40.pdb        4.59   67.57    9.60   8.468
decoy64_23.pdb        3.60   64.86    9.62   7.258
decoy65_10.pdb        4.73   45.95    9.87   7.056
decoy66_14.pdb        4.85   37.84    9.59  11.492
decoy67_1.pdb         5.91   24.32   10.42   5.444
decoy68_2.pdb         5.52   18.92    8.73   6.855
decoy69_4.pdb         4.89   48.65    9.48   7.056
decoy70_10.pdb        4.88   16.22    9.95   2.621
decoy71_12.pdb        6.86   51.35    9.40  10.484
decoy72_1.pdb         4.07   35.14    9.96   6.250
decoy73_3.pdb         4.93   10.81    9.79   5.040
decoy73_161.pdb       8.71   67.57    9.56  12.903
decoy74_18.pdb        4.51   27.03   10.16   6.653
decoy75_2.pdb         4.01   62.16   10.12   6.048
decoy75_42.pdb        4.63   51.35   10.24   7.258
decoy75_89.pdb        5.17   56.76   10.33   4.839
decoy75_209.pdb       8.57   62.16   10.32  12.298
decoy75_217.pdb       8.85   62.16   10.38  12.097
decoy75_222.pdb       8.83   56.76   10.25  12.298
decoy75_293.pdb       9.74   75.68    9.60  10.282
decoy76_1.pdb         4.95   16.22   10.16   3.831
Average              6.811   55.43    9.73  10.521
Pcorr-to-dcyRMSD       -      0.24    0.08   0.502
Native-rank-in-top1    -        No      No      No
Native-rank-in-top5    -        No      No      No
Native-Zscore          -    -1.192   0.652  -0.605