>>-------------------- Decoy set detailed informations --------------------<<
ID:        2F4K
Length:   33      Class: Alpha protein

Protein sequence and second structure: (H->helix;E->sheet;C->coil)
LSDEDFKAVFGMTRSAFANLPLWQQHLKEKGLF
CCHHHHHHHHCCCHHHHHHCCCHHHCHHHHCCC

EVENNESS:   0.823  npwRMSD:   0.856
RMSD-BIN  >0<  >1<  >2<  >3<  >4<  >5<  >6<  >7<  >8<  >9< >10< >11<  >12 TOTAL
N_Decoy     1   32   28   33   42   36   33   37   29   29    0    0    0   300

Name                  RMSD SEC_PCT R_GYRAT CNT_NUM
2F4K.pdb              0.00   63.64    9.03   3.175
decoy0_1.pdb          1.56   39.39    9.02   2.910
decoy1_1.pdb          0.75   54.55    9.05   2.381
decoy1_30.pdb         1.84   66.67    8.60   3.439
decoy1_32.pdb         1.90   48.48    9.25   1.587
decoy1_6.pdb          1.74   54.55    8.69   3.439
decoy1_9.pdb          2.14   72.73    8.92   3.439
decoy1_12.pdb         1.74   63.64    8.71   3.439
decoy1_18.pdb         1.70   66.67    8.72   3.439
decoy1_25.pdb         1.79   63.64    8.77   3.439
decoy1_29.pdb         1.82   42.42    8.70   3.704
decoy1_4.pdb          1.85   63.64    8.75   3.704
decoy1_5.pdb          1.80   63.64    8.70   3.704
decoy1_13.pdb         1.82   66.67    8.60   3.439
decoy1_15.pdb         1.88   63.64    9.12   1.587
decoy1_22.pdb         1.88   69.70    9.15   1.323
decoy1_27.pdb         1.86   72.73    8.59   3.439
decoy1_51.pdb         1.91   48.48    9.23   1.323
decoy1_35.pdb         1.89   54.55    9.24   0.794
decoy1_49.pdb         1.90   66.67    9.23   1.323
decoy1_33.pdb         1.99   51.52    9.20   2.381
decoy1_10.pdb         1.86   63.64    8.65   3.968
decoy2_1.pdb          2.95   72.73    8.49   4.233
decoy3_3.pdb          1.88   63.64    8.94   1.323
decoy3_6.pdb          1.87   63.64    8.97   1.058
decoy3_4.pdb          1.90   60.61    8.91   1.323
decoy3_5.pdb          1.86   60.61    8.92   1.058
decoy3_8.pdb          1.77   45.45    8.85   0.794
decoy3_9.pdb          1.84   51.52    8.98   2.646
decoy4_1.pdb          1.73   45.45    8.75   4.497
decoy5_2.pdb          1.94   60.61    9.05   1.587
decoy5_1.pdb          2.00   66.67    9.17   1.058
decoy5_6.pdb          2.89   84.85    8.96   2.381
decoy5_78.pdb         3.07   84.85    8.43   4.233
decoy5_85.pdb         3.82   84.85    8.82   3.175
decoy6_32.pdb         3.01   72.73    8.62   5.556
decoy7_9.pdb          2.84   66.67    8.71   3.175
decoy8_1.pdb          1.51   39.39    8.81   3.175
decoy8_3.pdb          2.91   84.85    8.64   4.233
decoy9_1.pdb          1.86   66.67    8.65   2.116
decoy9_2.pdb          1.87   66.67    8.62   2.116
decoy9_3.pdb          1.94   57.58    8.95   2.910
decoy10_1.pdb         2.94   60.61    8.76   3.439
decoy10_178.pdb       6.85   84.85    8.10   4.762
decoy11_4.pdb         2.93   69.70    8.63   6.349
decoy12_9.pdb         2.84   63.64    8.55   4.497
decoy13_18.pdb        3.76   78.79    8.93   2.646
decoy14_3.pdb         2.94   72.73    8.27   6.085
decoy14_241.pdb       9.01   57.58   10.98   3.439
decoy14_284.pdb       9.34   78.79   12.21   2.910
decoy14_288.pdb       9.43   57.58   12.13   3.175
decoy14_289.pdb       9.37   69.70   12.20   3.175
decoy14_292.pdb       9.24   60.61   11.56   3.968
decoy14_294.pdb       9.13   63.64   11.86   2.381
decoy14_287.pdb       8.93   60.61   11.23   3.175
decoy14_290.pdb       9.49   66.67   12.16   3.175
decoy14_291.pdb       9.39   66.67   12.06   3.175
decoy14_293.pdb       9.14   66.67   11.47   4.233
decoy14_286.pdb       9.08   54.55   11.08   3.175
decoy14_296.pdb       9.29   45.45   12.00   3.175
decoy14_285.pdb       9.15   60.61   11.16   3.175
decoy14_295.pdb       9.34   39.39   12.07   3.175
decoy15_7.pdb         3.00   72.73    8.77   2.381
decoy15_204.pdb       7.31   81.82    9.77   4.497
decoy15_256.pdb       8.99   78.79   10.79   3.968
decoy15_257.pdb       8.09   69.70    9.08   6.614
decoy15_260.pdb       8.11   63.64    9.20   6.349
decoy15_266.pdb       8.89   60.61   10.70   3.968
decoy15_270.pdb       8.97   69.70   10.76   3.968
decoy15_263.pdb       9.01   72.73   10.78   3.968
decoy15_265.pdb       8.23   60.61    9.32   4.762
decoy15_267.pdb       8.93   69.70   10.69   4.233
decoy15_307.pdb       9.11   72.73   10.75   3.704
decoy15_304.pdb       9.11   66.67   10.72   3.968
decoy15_306.pdb       9.07   69.70   10.74   3.968
decoy15_305.pdb       9.01   75.76   10.83   3.968
decoy15_303.pdb       9.15   69.70   10.79   3.439
decoy15_308.pdb       9.12   72.73   10.76   3.968
decoy15_309.pdb       9.18   48.48   10.91   2.646
decoy15_310.pdb       9.18   54.55   10.92   2.910
decoy15_311.pdb       9.11   45.45   11.00   3.175
decoy16_1.pdb         1.95   54.55    8.34   6.085
decoy17_1.pdb         3.78   60.61    8.77   5.820
decoy18_1.pdb         2.99   69.70    8.62   3.175
decoy19_8.pdb         2.72   63.64    8.77   1.323
decoy20_14.pdb        2.88   60.61    9.01   2.646
decoy20_231.pdb       7.23   84.85    9.01   2.381
decoy20_240.pdb       7.31   75.76    9.10   2.381
decoy20_255.pdb       7.20   84.85    9.00   2.381
decoy21_3.pdb         3.00   78.79    8.87   2.910
decoy21_174.pdb       6.08   84.85    8.94   1.587
decoy21_178.pdb       6.11   84.85    8.97   1.587
decoy21_181.pdb       6.13   84.85    8.78   2.910
decoy21_187.pdb       6.06   84.85    8.96   1.323
decoy21_189.pdb       6.11   84.85    8.97   1.587
decoy21_190.pdb       6.05   84.85    8.96   1.587
decoy21_193.pdb       6.16   84.85    8.76   2.646
decoy22_3.pdb         2.97   63.64    8.64   2.910
decoy22_259.pdb       7.88   75.76   10.68   2.646
decoy23_7.pdb         3.03   66.67    8.84   3.175
decoy24_34.pdb        4.69   84.85    8.43   3.175
decoy24_52.pdb        5.13   90.91    8.93   2.646
decoy24_86.pdb        5.07   87.88    8.84   2.381
decoy24_53.pdb        5.03   87.88    8.95   2.116
decoy24_68.pdb        5.12   81.82    8.94   2.381
decoy24_72.pdb        5.11   84.85    8.89   2.381
decoy24_107.pdb       6.91   84.85    8.57   2.116
decoy24_113.pdb       6.73   87.88    8.88   1.852
decoy24_116.pdb       6.64   84.85    8.66   3.704
decoy24_155.pdb       7.39   84.85    8.45   3.968
decoy24_153.pdb       7.36   87.88    9.27   2.381
decoy25_37.pdb        3.01   84.85    8.78   2.910
decoy25_206.pdb       7.19   87.88    8.53   3.175
decoy26_16.pdb        2.94   75.76    8.54   2.646
decoy27_29.pdb        3.98   75.76    8.98   2.646
decoy28_1.pdb         2.92   39.39    8.32   3.968
decoy28_64.pdb        4.61   87.88    8.51   2.381
decoy28_78.pdb        4.64   87.88    8.48   2.381
decoy28_62.pdb        4.71   87.88    8.54   2.381
decoy28_71.pdb        4.65   87.88    8.47   2.910
decoy29_1.pdb         2.74   69.70    8.98   1.852
decoy29_27.pdb        4.08   90.91    8.65   2.646
decoy29_33.pdb        3.34   81.82    8.64   2.381
decoy29_37.pdb        3.37   81.82    8.65   2.381
decoy29_85.pdb        4.95   87.88    8.82   3.968
decoy29_98.pdb        4.35   90.91    8.52   3.704
decoy29_133.pdb       5.80   87.88    8.76   5.556
decoy29_136.pdb       5.84   87.88    8.77   5.820
decoy29_139.pdb       5.89   87.88    8.77   7.407
decoy29_142.pdb       5.79   84.85    8.98   5.556
decoy29_143.pdb       5.85   87.88    8.70   6.085
decoy29_150.pdb       5.77   87.88    8.76   5.820
decoy29_151.pdb       5.85   84.85    8.88   6.349
decoy29_170.pdb       5.80   87.88    8.76   6.878
decoy29_172.pdb       5.86   84.85    8.84   6.878
decoy29_185.pdb       6.05   87.88    8.82   5.291
decoy29_191.pdb       5.97   81.82    8.94   5.291
decoy29_193.pdb       6.25   75.76    8.52   3.439
decoy29_203.pdb       6.04   87.88    8.80   6.085
decoy29_174.pdb       6.05   87.88    8.96   3.175
decoy29_207.pdb       6.34   87.88    8.14   5.291
decoy29_211.pdb       6.27   87.88    8.20   6.085
decoy29_219.pdb       6.05   87.88    8.72   5.026
decoy29_220.pdb       6.06   87.88    8.78   4.762
decoy29_245.pdb       7.26   87.88    8.35   2.910
decoy29_249.pdb       7.35   84.85    8.62   2.646
decoy29_233.pdb       7.57   84.85    8.47   3.175
decoy29_236.pdb       7.31   84.85    8.59   2.646
decoy29_237.pdb       7.37   84.85    8.43   2.910
decoy29_240.pdb       7.25   87.88    8.18   4.233
decoy29_244.pdb       7.15   87.88    8.24   3.704
decoy30_38.pdb        2.94   42.42    8.65   2.646
decoy31_1.pdb         2.97   72.73    8.25   3.439
decoy31_34.pdb        4.02   78.79    8.67   2.381
decoy31_36.pdb        3.98   81.82    8.41   2.116
decoy31_42.pdb        4.00   81.82    8.57   2.116
decoy32_1.pdb         3.52   81.82    8.55   3.439
decoy32_125.pdb       5.17   90.91    8.60   3.439
decoy32_204.pdb       7.04   87.88    8.21   3.968
decoy32_253.pdb       8.01   66.67    8.45   5.291
decoy32_255.pdb       8.04   66.67    8.49   6.085
decoy32_251.pdb       8.06   69.70    8.41   5.820
decoy32_252.pdb       7.99   66.67    8.46   5.820
decoy32_257.pdb       8.30   66.67    8.34   6.349
decoy33_40.pdb        2.98   66.67    8.14   4.762
decoy33_276.pdb       7.89   78.79    9.06   3.175
decoy33_301.pdb       7.96   75.76    9.04   2.646
decoy34_27.pdb        4.83   81.82    8.26   3.968
decoy34_52.pdb        5.17   90.91    8.89   3.968
decoy34_55.pdb        5.08   87.88    8.85   3.704
decoy34_81.pdb        5.12   87.88    8.88   3.439
decoy35_11.pdb        3.02   72.73    8.92   2.381
decoy36_4.pdb         3.02   72.73    8.62   3.439
decoy37_35.pdb        2.72   72.73    8.72   2.646
decoy38_6.pdb         2.85   75.76    8.51   2.646
decoy39_37.pdb        2.91   78.79    9.08   2.646
decoy39_105.pdb       4.88   93.94    9.06   2.646
decoy39_137.pdb       4.76   87.88    8.99   2.646
decoy39_220.pdb       6.68   90.91    9.10   3.175
decoy39_221.pdb       6.73   90.91    9.13   3.175
decoy39_222.pdb       6.61   90.91    9.03   2.910
decoy39_250.pdb       6.80   90.91    9.10   2.646
decoy39_205.pdb       6.54   90.91    9.06   3.175
decoy39_206.pdb       6.64   90.91    9.06   3.175
decoy39_207.pdb       6.62   90.91    9.14   2.381
decoy39_211.pdb       6.58   90.91    9.09   3.175
decoy39_218.pdb       6.68   90.91    9.11   3.175
decoy39_232.pdb       6.53   90.91    9.03   2.910
decoy39_238.pdb       6.64   90.91    9.22   2.116
decoy39_260.pdb       7.05   84.85    8.59   2.381
decoy40_11.pdb        2.97   84.85    8.89   3.704
decoy40_76.pdb        3.26   84.85    9.07   2.910
decoy41_26.pdb        2.96   84.85    8.77   3.439
decoy41_191.pdb       5.57   90.91    9.01   2.910
decoy41_162.pdb       5.20   87.88    9.21   2.381
decoy41_226.pdb       7.67   87.88    8.56   2.116
decoy41_232.pdb       7.72   87.88    8.56   2.116
decoy41_236.pdb       7.74   87.88    8.56   2.646
decoy42_12.pdb        3.01   78.79    9.01   2.381
decoy42_106.pdb       4.89   93.94    9.12   4.762
decoy42_111.pdb       4.69   75.76    9.13   4.762
decoy42_119.pdb       4.69   90.91    9.03   4.497
decoy42_129.pdb       5.00   87.88    8.94   6.085
decoy42_155.pdb       5.02   93.94    8.98   4.497
decoy42_157.pdb       5.11   93.94    9.08   3.968
decoy42_164.pdb       5.09   93.94    9.24   3.968
decoy42_167.pdb       5.04   93.94    8.99   4.497
decoy42_173.pdb       5.13   87.88    9.29   3.968
decoy42_187.pdb       5.05   93.94    8.98   4.497
decoy42_197.pdb       5.05   87.88    9.24   3.968
decoy43_1.pdb         4.02   84.85    8.93   2.910
decoy43_90.pdb        5.27   87.88    9.24   4.233
decoy43_97.pdb        5.35   87.88    9.17   4.233
decoy43_98.pdb        5.30   84.85    9.18   4.233
decoy43_100.pdb       5.30   84.85    9.24   3.968
decoy43_104.pdb       5.28   87.88    9.20   3.968
decoy43_105.pdb       5.34   84.85    9.34   3.968
decoy43_106.pdb       5.25   84.85    9.24   3.968
decoy44_19.pdb        3.76   84.85    8.26   4.762
decoy45_1.pdb         3.99   69.70    9.45   0.794
decoy46_1.pdb         3.78   84.85    9.20   2.646
decoy47_20.pdb        4.22   93.94    8.86   2.646
decoy47_72.pdb        4.18   93.94    8.81   2.646
decoy48_9.pdb         4.93   78.79    8.29   1.323
decoy48_151.pdb       7.20   87.88    8.78   3.704
decoy48_152.pdb       7.20   84.85    8.81   3.968
decoy48_153.pdb       7.18   81.82    8.85   3.704
decoy48_155.pdb       7.13   84.85    8.77   3.704
decoy49_6.pdb         4.01   78.79    8.63   4.762
decoy50_12.pdb        3.91   75.76    8.32   3.704
decoy51_4.pdb         4.17   87.88    9.12   1.852
decoy52_10.pdb        3.92   75.76    8.97   4.233
decoy52_55.pdb        4.62   93.94    9.22   3.175
decoy52_67.pdb        4.54   93.94    9.08   2.910
decoy52_60.pdb        4.65   87.88    9.01   2.910
decoy52_68.pdb        4.53   93.94    9.04   2.910
decoy52_74.pdb        4.89   87.88    9.32   3.968
decoy53_24.pdb        3.92   90.91    9.12   1.058
decoy53_221.pdb       7.70   84.85    8.78   3.968
decoy53_241.pdb       7.56   87.88    8.87   3.968
decoy53_202.pdb       7.41   87.88    8.88   3.968
decoy53_203.pdb       7.48   90.91    8.87   4.497
decoy53_210.pdb       7.51   87.88    8.78   4.497
decoy53_220.pdb       7.41   90.91    8.86   3.968
decoy53_233.pdb       7.62   84.85    8.81   4.497
decoy53_245.pdb       7.40   90.91    8.69   3.439
decoy53_246.pdb       7.53   90.91    8.82   4.497
decoy54_2.pdb         3.79   57.58    8.97   1.587
decoy55_1.pdb         3.93   54.55    9.00   4.497
decoy56_7.pdb         4.96   78.79    8.24   2.910
decoy57_7.pdb         3.98   51.52    8.99   3.704
decoy58_27.pdb        3.89   66.67    9.07   3.175
decoy59_1.pdb         3.90   66.67    9.25   3.175
decoy59_152.pdb       7.12   84.85    9.54   2.910
decoy59_202.pdb       8.00   78.79    9.78   4.233
decoy59_204.pdb       8.00   84.85    9.70   4.233
decoy59_208.pdb       8.22   78.79    9.83   4.233
decoy59_203.pdb       8.07   81.82    9.73   4.762
decoy59_205.pdb       8.02   78.79    9.87   4.497
decoy59_206.pdb       8.07   84.85    9.96   3.968
decoy59_207.pdb       8.07   81.82    9.99   3.704
decoy59_209.pdb       8.40   69.70    9.34   5.556
decoy59_210.pdb       8.42   69.70    9.50   3.704
decoy59_211.pdb       8.29   66.67    9.14   5.556
decoy60_5.pdb         3.82   81.82    8.97   4.497
decoy60_71.pdb        4.87   84.85    9.14   2.381
decoy60_73.pdb        4.86   81.82    9.15   2.116
decoy60_56.pdb        4.81   81.82    9.16   1.852
decoy60_61.pdb        4.78   90.91    9.14   2.116
decoy60_70.pdb        4.79   87.88    9.10   1.852
decoy60_74.pdb        4.84   78.79    9.13   2.116
decoy60_83.pdb        4.89   84.85    9.08   2.910
decoy61_16.pdb        3.84   63.64    8.74   3.704
decoy62_17.pdb        4.31   81.82    9.14   2.381
decoy63_1.pdb         4.01   72.73    8.68   3.704
decoy64_1.pdb         2.83   66.67    8.69   2.381
decoy65_5.pdb         2.68   69.70    8.47   2.910
decoy65_192.pdb       6.64   78.79    8.72   2.116
decoy65_200.pdb       6.67   87.88    8.93   1.587
decoy65_201.pdb       6.59   90.91    8.78   2.116
decoy66_15.pdb        3.73   75.76    8.68   4.233
decoy67_3.pdb         3.78   45.45    9.26   1.323
decoy68_2.pdb         4.77   78.79    8.64   4.762
decoy68_162.pdb       8.55   69.70    8.49   6.349
decoy68_172.pdb       8.53   69.70    8.50   5.820
decoy69_1.pdb         4.06   45.45    9.14   2.381
decoy69_204.pdb       8.11   72.73    8.39   3.704
decoy69_205.pdb       8.03   72.73    8.38   2.381
decoy69_208.pdb       8.39   72.73    8.58   2.381
decoy69_203.pdb       8.06   72.73    8.37   3.175
decoy69_218.pdb       8.85   66.67    8.43   3.968
decoy70_2.pdb         4.67   54.55    8.43   2.910
decoy70_252.pdb       9.32   48.48    8.81   3.968
decoy70_251.pdb       9.15   45.45    8.77   4.233
decoy70_253.pdb       9.38   54.55    8.83   3.968
decoy70_254.pdb       9.34   45.45    9.05   3.968
decoy70_255.pdb       9.24   45.45    8.83   5.820
decoy70_256.pdb       9.29   48.48    8.60   6.085
decoy71_9.pdb         2.90   78.79    8.77   2.646
decoy72_3.pdb         4.68   42.42    9.33   2.116
decoy73_2.pdb         4.96   84.85    8.18   1.852
Average              5.457   76.04    9.09   3.425
Pcorr-to-dcyRMSD       -      0.13    0.49   0.297
Native-rank-in-top1    -        No      No      No
Native-rank-in-top5    -        No      No      No
Native-Zscore          -    -0.903  -0.064  -0.195