>>-------------------- Decoy set detailed informations --------------------<<
ID:        2JOF
Length:   20      Class: Alpha protein

Protein sequence and second structure: (H->helix;E->sheet;C->coil)
DAYAQWLKDGGPSSGRPPPS
CHHHHHHHHCHHHHCCCCCC

EVENNESS:   0.793  npwRMSD:   0.849
RMSD-BIN  >0<  >1<  >2<  >3<  >4<  >5<  >6<  >7<  >8<  >9< >10< >11<  >12 TOTAL
N_Decoy    36   38   36   36   40   37   42   31    4    0    0    0    0   300

Name                  RMSD SEC_PCT R_GYRAT CNT_NUM
2JOF.pdb              0.00   60.00    6.91   5.714
decoy0_1.pdb          0.08   60.00    6.89   5.714
decoy1_32.pdb         0.95   45.00    6.75  10.476
decoy1_35.pdb         0.79   45.00    6.76  10.476
decoy1_38.pdb         0.90   45.00    6.85   8.571
decoy1_1.pdb          0.91   50.00    6.89   4.762
decoy1_2.pdb          0.68   65.00    6.88   5.714
decoy1_5.pdb          0.79   45.00    6.70   9.524
decoy1_6.pdb          0.75   65.00    6.96   4.762
decoy1_7.pdb          0.79   65.00    6.92   4.762
decoy1_9.pdb          0.65   45.00    6.82   7.619
decoy1_10.pdb         0.76   45.00    7.00   1.905
decoy1_11.pdb         0.85   65.00    6.77   8.571
decoy1_12.pdb         1.11   50.00    6.93   4.762
decoy1_13.pdb         0.92   65.00    6.83   7.619
decoy1_14.pdb         0.98   65.00    6.83   4.762
decoy1_15.pdb         0.93   65.00    6.85   3.810
decoy1_18.pdb         0.86   45.00    6.81   8.571
decoy1_19.pdb         0.87   45.00    6.86   6.667
decoy1_20.pdb         0.95   60.00    6.94   4.762
decoy1_21.pdb         0.55   65.00    6.78   8.571
decoy1_23.pdb         0.71   65.00    6.82   7.619
decoy1_24.pdb         0.67   45.00    6.74   7.619
decoy1_27.pdb         0.90   65.00    7.00   3.810
decoy1_28.pdb         0.91   45.00    7.01   4.762
decoy1_29.pdb         0.96   50.00    7.07   2.857
decoy1_30.pdb         0.69   45.00    6.94   6.667
decoy1_31.pdb         0.64   50.00    6.86   5.714
decoy1_33.pdb         0.88   60.00    6.83   6.667
decoy1_34.pdb         0.90   45.00    6.96   3.810
decoy1_36.pdb         0.83   65.00    6.90   5.714
decoy1_39.pdb         0.91   45.00    6.84   6.667
decoy1_41.pdb         1.23   50.00    7.00   2.857
decoy1_42.pdb         0.81   50.00    6.80   6.667
decoy2_1.pdb          1.57   45.00    6.72  13.333
decoy3_31.pdb         1.52   45.00    7.15   4.762
decoy3_151.pdb        4.51   80.00    7.47   2.857
decoy4_26.pdb         1.12   60.00    6.90   1.905
decoy4_106.pdb        3.18   45.00    7.01   1.905
decoy4_110.pdb        3.15   70.00    6.89   2.857
decoy5_1.pdb          1.91   45.00    6.75  10.476
decoy5_106.pdb        3.56   70.00    6.57   8.571
decoy6_1.pdb          1.96   40.00    6.69  12.381
decoy7_1.pdb          1.61   45.00    6.85   6.667
decoy8_29.pdb         1.89   45.00    6.57  13.333
decoy9_107.pdb        3.66   50.00    6.98   4.762
decoy10_33.pdb        1.95   60.00    6.64   9.524
decoy11_1.pdb         1.43   45.00    6.94   7.619
decoy12_1.pdb         1.80   45.00    6.83   5.714
decoy13_1.pdb         0.88   65.00    7.01   5.714
decoy13_2.pdb         0.87   60.00    6.97   4.762
decoy14_5.pdb         0.89   60.00    6.84   6.667
decoy14_2.pdb         0.92   65.00    6.89   7.619
decoy15_3.pdb         0.79   45.00    7.00   6.667
decoy16_30.pdb        1.99   45.00    6.51   7.619
decoy17_41.pdb        1.80   40.00    7.14   3.810
decoy18_94.pdb        3.79   55.00    7.02   1.905
decoy19_99.pdb        2.78   65.00    6.97   3.810
decoy19_101.pdb       3.96   65.00    7.29   1.905
decoy19_298.pdb       6.13   35.00    7.56   4.762
decoy19_308.pdb       7.25   65.00    8.59   1.905
decoy19_310.pdb       7.01   70.00    8.86   1.905
decoy20_102.pdb       3.69   40.00    6.95   4.762
decoy21_1.pdb         1.74   40.00    6.86   7.619
decoy22_2.pdb         1.86   45.00    7.10   5.714
decoy23_25.pdb        1.88   45.00    6.95   5.714
decoy23_109.pdb       3.58   70.00    7.66   0.952
decoy23_120.pdb       3.79   65.00    7.25   3.810
decoy23_128.pdb       2.92   65.00    6.85   7.619
decoy24_12.pdb        1.93   65.00    7.34   1.905
decoy25_26.pdb        2.76   70.00    6.96   5.714
decoy26_145.pdb       3.54   60.00    7.25   3.810
decoy27_23.pdb        1.59   60.00    6.99   9.524
decoy27_131.pdb       3.73   70.00    7.87   2.857
decoy28_9.pdb         1.41   75.00    6.68  11.429
decoy28_101.pdb       3.84   70.00    7.31   8.571
decoy28_141.pdb       3.91   65.00    7.29   7.619
decoy29_3.pdb         2.71   55.00    6.94  14.286
decoy29_76.pdb        3.98   70.00    7.26   8.571
decoy29_85.pdb        3.87   70.00    7.24   5.714
decoy29_90.pdb        4.01   70.00    7.33   5.714
decoy29_92.pdb        4.03   70.00    7.13  10.476
decoy30_9.pdb         1.78   70.00    7.17   2.857
decoy30_109.pdb       3.33   75.00    7.07   1.905
decoy30_114.pdb       3.31   80.00    7.17   1.905
decoy31_15.pdb        2.94   60.00    7.01   5.714
decoy31_56.pdb        3.95   70.00    7.25   8.571
decoy31_66.pdb        3.87   70.00    6.90  12.381
decoy31_124.pdb       4.47   65.00    6.80   7.619
decoy32_22.pdb        1.50   70.00    6.89   8.571
decoy33_3.pdb         1.87   65.00    6.68  12.381
decoy33_130.pdb       4.55   75.00    7.50   1.905
decoy33_143.pdb       4.99   75.00    7.56   3.810
decoy33_164.pdb       5.53   80.00    8.31   0.000
decoy33_184.pdb       5.90   80.00    8.02   3.810
decoy33_190.pdb       5.57   80.00    7.74   1.905
decoy33_206.pdb       6.56   80.00    8.19   0.952
decoy33_207.pdb       6.73   80.00    8.18   1.905
decoy33_209.pdb       6.58   75.00    8.33   0.952
decoy33_213.pdb       6.23   80.00    8.34   0.952
decoy33_204.pdb       6.02   80.00    8.26   0.000
decoy33_208.pdb       6.53   80.00    8.10   1.905
decoy33_210.pdb       6.17   80.00    8.24   3.810
decoy33_215.pdb       7.20   80.00    8.98   0.000
decoy34_38.pdb        1.63   40.00    6.82   8.571
decoy35_1.pdb         2.43   55.00    7.15   8.571
decoy36_1.pdb         1.45   70.00    7.02   3.810
decoy37_39.pdb        1.92   30.00    6.70   5.714
decoy37_177.pdb       4.73   75.00    7.44   1.905
decoy38_18.pdb        1.75   45.00    7.42   1.905
decoy39_1.pdb         3.03   55.00    6.96   9.524
decoy40_2.pdb         1.98   65.00    6.64  10.476
decoy40_103.pdb       4.68   75.00    7.41   7.619
decoy40_104.pdb       4.86   80.00    7.56   7.619
decoy40_106.pdb       4.76   75.00    7.41   6.667
decoy40_108.pdb       4.54   75.00    7.36   7.619
decoy40_109.pdb       4.57   75.00    7.47   5.714
decoy40_110.pdb       4.53   75.00    7.66   3.810
decoy40_113.pdb       4.58   75.00    7.60   1.905
decoy40_116.pdb       4.82   70.00    7.57   6.667
decoy40_120.pdb       4.36   75.00    7.34   5.714
decoy40_123.pdb       4.82   75.00    7.57   6.667
decoy40_127.pdb       4.83   75.00    7.36   9.524
decoy40_134.pdb       4.64   75.00    7.79   2.857
decoy40_135.pdb       4.83   75.00    7.46   7.619
decoy40_136.pdb       4.52   75.00    7.51   4.762
decoy40_138.pdb       4.42   75.00    7.33   5.714
decoy40_141.pdb       4.92   75.00    7.91   2.857
decoy40_143.pdb       4.82   75.00    7.59   4.762
decoy40_147.pdb       4.89   70.00    7.60   7.619
decoy40_148.pdb       4.65   75.00    7.69   4.762
decoy40_150.pdb       4.56   75.00    7.72   3.810
decoy40_151.pdb       4.60   75.00    7.68   3.810
decoy40_152.pdb       4.66   75.00    7.70   3.810
decoy40_213.pdb       7.95   80.00    8.94   0.000
decoy41_1.pdb         2.85   55.00    7.04  11.429
decoy41_129.pdb       4.42   75.00    7.46   1.905
decoy41_130.pdb       4.76   75.00    7.70   1.905
decoy41_144.pdb       4.97   75.00    7.30   8.571
decoy41_146.pdb       4.20   75.00    7.39   1.905
decoy41_150.pdb       4.51   75.00    7.14   6.667
decoy42_26.pdb        1.98   45.00    6.67   7.619
decoy43_7.pdb         1.88   45.00    6.82   7.619
decoy43_113.pdb       4.95   80.00    7.71   2.857
decoy43_121.pdb       4.94   75.00    7.69   4.762
decoy44_41.pdb        2.97   70.00    7.10   4.762
decoy44_127.pdb       4.90   75.00    7.88   2.857
decoy44_128.pdb       4.86   70.00    7.63   3.810
decoy44_130.pdb       4.78   80.00    7.65   3.810
decoy45_34.pdb        1.99   45.00    7.01   6.667
decoy46_1.pdb         2.87   55.00    6.98  12.381
decoy46_170.pdb       6.97   70.00    9.64   0.000
decoy46_171.pdb       7.29   70.00    9.41   1.905
decoy46_174.pdb       8.16   75.00    9.85   0.000
decoy46_177.pdb       8.04   75.00    9.75   0.000
decoy46_176.pdb       8.34   65.00    9.76   0.000
decoy46_175.pdb       8.07   75.00   10.53   0.000
decoy47_4.pdb         1.90   65.00    7.09   1.905
decoy48_7.pdb         2.75   70.00    6.84   6.667
decoy49_12.pdb        2.54   55.00    7.11   9.524
decoy50_50.pdb        2.94   55.00    7.13   6.667
decoy50_206.pdb       6.19   75.00    7.96   4.762
decoy51_1.pdb         2.80   55.00    7.28   8.571
decoy51_64.pdb        3.95   75.00    7.30   3.810
decoy51_154.pdb       5.86   80.00    8.27   1.905
decoy51_163.pdb       5.89   80.00    8.18   1.905
decoy51_186.pdb       5.54   80.00    7.93   4.762
decoy51_187.pdb       5.37   75.00    7.92   2.857
decoy51_198.pdb       5.42   75.00    8.01   1.905
decoy52_42.pdb        2.58   70.00    7.05   7.619
decoy53_19.pdb        2.65   45.00    6.74   3.810
decoy53_157.pdb       5.97   80.00    8.03   2.857
decoy53_217.pdb       6.71   70.00    8.42   0.952
decoy53_256.pdb       7.86   80.00    9.25   0.000
decoy53_257.pdb       7.54   80.00    9.06   0.000
decoy53_258.pdb       7.57   80.00    8.95   0.000
decoy53_259.pdb       7.27   75.00    8.84   0.000
decoy53_260.pdb       7.03   80.00    8.81   0.952
decoy53_261.pdb       7.11   80.00    8.84   0.952
decoy53_262.pdb       7.17   80.00    8.78   0.952
decoy53_263.pdb       7.16   75.00    8.81   0.000
decoy53_264.pdb       6.98   80.00    8.65   0.952
decoy53_265.pdb       7.34   80.00    8.86   0.000
decoy53_267.pdb       7.09   75.00    8.87   0.000
decoy53_268.pdb       7.23   75.00    8.93   0.000
decoy53_269.pdb       7.09   80.00    8.84   0.952
decoy53_270.pdb       7.04   80.00    8.74   0.952
decoy53_271.pdb       6.97   80.00    8.67   0.952
decoy53_272.pdb       7.15   80.00    8.77   0.952
decoy53_273.pdb       6.99   80.00    8.66   0.952
decoy53_274.pdb       7.02   80.00    8.74   0.000
decoy53_275.pdb       7.38   80.00    8.82   0.000
decoy54_7.pdb         1.54   70.00    6.82  11.429
decoy55_11.pdb        1.80   40.00    6.81   6.667
decoy55_215.pdb       6.13   80.00    8.26   1.905
decoy55_216.pdb       6.26   80.00    8.54   0.000
decoy55_217.pdb       6.16   80.00    8.33   0.952
decoy56_3.pdb         2.88   55.00    7.31   7.619
decoy56_154.pdb       5.49   80.00    8.01   4.762
decoy56_156.pdb       5.54   80.00    8.03   3.810
decoy56_157.pdb       5.62   80.00    8.18   0.952
decoy56_162.pdb       5.94   80.00    8.31   1.905
decoy56_167.pdb       5.43   80.00    8.05   3.810
decoy56_209.pdb       6.53   80.00    8.51   0.952
decoy56_217.pdb       6.49   80.00    8.09   2.857
decoy56_219.pdb       6.73   80.00    8.51   0.952
decoy56_220.pdb       6.33   80.00    8.29   1.905
decoy56_221.pdb       6.55   80.00    8.13   1.905
decoy56_228.pdb       6.44   80.00    8.50   0.952
decoy56_231.pdb       6.38   80.00    8.32   1.905
decoy56_234.pdb       6.46   80.00    8.30   0.952
decoy56_235.pdb       6.36   75.00    8.39   0.952
decoy56_237.pdb       6.67   80.00    8.38   0.000
decoy56_238.pdb       6.44   80.00    8.10   1.905
decoy56_252.pdb       6.57   80.00    8.15   1.905
decoy56_253.pdb       7.12   80.00    9.07   0.000
decoy56_255.pdb       7.14   80.00    8.84   0.000
decoy56_256.pdb       7.18   80.00    8.61   0.952
decoy57_1.pdb         2.77   55.00    7.13  12.381
decoy58_12.pdb        1.99   65.00    6.64  11.429
decoy59_6.pdb         2.81   65.00    7.08   7.619
decoy59_99.pdb        3.83   70.00    7.29   4.762
decoy59_100.pdb       3.59   75.00    7.07   8.571
decoy60_46.pdb        2.73   50.00    6.76   9.524
decoy60_151.pdb       5.72   80.00    8.37   0.952
decoy60_158.pdb       5.17   80.00    7.85   2.857
decoy60_171.pdb       5.43   75.00    8.25   1.905
decoy60_182.pdb       5.52   75.00    7.89   6.667
decoy60_184.pdb       5.96   80.00    7.90   2.857
decoy60_200.pdb       5.40   80.00    8.30   0.952
decoy60_252.pdb       7.35   80.00    8.82   0.000
decoy60_254.pdb       7.07   80.00    8.63   0.952
decoy61_30.pdb        2.89   70.00    6.95   4.762
decoy61_95.pdb        3.20   80.00    7.03   2.857
decoy61_260.pdb       6.99   75.00    8.74   0.000
decoy61_263.pdb       7.34   80.00    8.96   0.000
decoy62_21.pdb        2.29   60.00    7.05   6.667
decoy63_15.pdb        2.61   75.00    6.86   4.762
decoy63_62.pdb        3.90   75.00    7.20   5.714
decoy63_91.pdb        3.84   75.00    7.07   6.667
decoy63_154.pdb       5.89   75.00    8.26   0.952
decoy63_204.pdb       6.26   80.00    8.54   0.952
decoy64_6.pdb         2.96   55.00    6.91  12.381
decoy65_2.pdb         3.08   55.00    7.04   8.571
decoy65_48.pdb        3.89   70.00    6.99   5.714
decoy65_50.pdb        3.94   75.00    6.85   7.619
decoy65_76.pdb        3.95   75.00    6.80   9.524
decoy65_191.pdb       7.32   80.00    8.66   0.952
decoy66_1.pdb         1.95   50.00    6.75  11.429
decoy67_2.pdb         2.98   65.00    7.32   4.762
decoy67_176.pdb       5.81   75.00    8.25   3.810
decoy67_196.pdb       5.53   80.00    8.13   3.810
decoy67_232.pdb       6.18   80.00    8.27   3.810
decoy67_234.pdb       6.09   80.00    8.39   3.810
decoy67_236.pdb       6.50   80.00    8.26   2.857
decoy67_248.pdb       6.20   80.00    8.29   3.810
decoy67_250.pdb       6.38   80.00    8.39   2.857
decoy67_251.pdb       7.67   80.00    9.20   0.000
decoy67_252.pdb       7.25   80.00    8.79   0.000
decoy67_253.pdb       7.05   75.00    8.81   0.952
decoy68_4.pdb         1.99   60.00    6.66   7.619
decoy68_155.pdb       5.96   80.00    8.44   0.952
decoy68_160.pdb       5.37   80.00    7.89   4.762
decoy68_161.pdb       5.80   80.00    8.08   4.762
decoy68_169.pdb       5.44   80.00    8.12   0.000
decoy68_171.pdb       5.86   80.00    8.08   4.762
decoy68_175.pdb       5.76   80.00    8.05   4.762
decoy68_177.pdb       5.68   80.00    7.96   5.714
decoy68_178.pdb       5.69   80.00    8.28   0.000
decoy68_179.pdb       5.80   80.00    8.11   4.762
decoy68_180.pdb       5.91   80.00    8.40   0.000
decoy68_185.pdb       5.66   80.00    7.91   5.714
decoy68_190.pdb       5.86   80.00    8.28   0.952
decoy68_194.pdb       5.57   80.00    8.09   3.810
decoy68_197.pdb       5.63   80.00    7.88   5.714
decoy68_205.pdb       6.02   80.00    8.36   1.905
decoy68_211.pdb       6.25   80.00    8.46   0.952
decoy68_212.pdb       6.24   75.00    8.32   1.905
decoy68_217.pdb       6.19   80.00    8.49   0.952
decoy68_220.pdb       6.01   80.00    8.22   1.905
decoy69_6.pdb         2.95   55.00    7.44   4.762
decoy70_36.pdb        2.58   75.00    6.97   4.762
decoy71_28.pdb        2.67   65.00    6.78   6.667
decoy72_69.pdb        3.14   50.00    6.84   6.667
decoy73_42.pdb        2.61   75.00    6.91   7.619
decoy74_1.pdb         2.99   55.00    6.97  11.429
decoy75_48.pdb        2.66   55.00    7.00  12.381
decoy76_18.pdb        2.67   50.00    6.82  10.476
decoy77_17.pdb        2.98   75.00    6.48   7.619
decoy78_1.pdb         2.02   60.00    6.53  12.381
decoy78_96.pdb        3.78   50.00    6.74   7.619
decoy78_207.pdb       6.25   80.00    8.27   1.905
decoy79_2.pdb         2.71   55.00    7.04   7.619
decoy80_33.pdb        1.55   45.00    6.80   8.571
decoy80_111.pdb       3.64   75.00    6.95   7.619
decoy81_19.pdb        3.98   45.00    7.18   3.810
decoy82_1.pdb         3.01   55.00    7.42   1.905
decoy83_53.pdb        4.02   65.00    7.50   3.810
decoy84_56.pdb        3.11   55.00    7.24   4.762
decoy85_46.pdb        2.65   75.00    6.68   6.667
decoy86_19.pdb        2.71   65.00    7.32   3.810
Average              4.156   67.95    7.61   4.622
Pcorr-to-dcyRMSD       -      0.75    0.91  -0.671
Native-rank-in-top1    -        No      No      No
Native-rank-in-top5    -        No      No      No
Native-Zscore          -    -0.622  -0.898   0.320