>>-------------------- Decoy set detailed informations --------------------<<
ID:        1E0N
Length:   27      Class: Beta protein

Protein sequence and second structure: (H->helix;E->sheet;C->coil)
PGWEIIHENGRPLYYNAEQKTKLHYPP
CCEEEEECCCCEEEEECCCCCCECCCC

EVENNESS:   0.828  npwRMSD:   0.887
RMSD-BIN  >0<  >1<  >2<  >3<  >4<  >5<  >6<  >7<  >8<  >9< >10< >11<  >12 TOTAL
N_Decoy    14   33   34   36   30   41   35   32   36    8    0    1    0   300

Name                  RMSD SEC_PCT R_GYRAT CNT_NUM
1E0N.pdb              0.00   40.74    8.45  15.584
decoy0_1.pdb          0.16   55.56    8.45  15.152
decoy1_10.pdb         0.48   55.56    8.50  15.584
decoy1_7.pdb          0.32   55.56    8.43  15.584
decoy1_9.pdb          0.43   55.56    8.41  15.584
decoy1_11.pdb         0.56   55.56    8.37  16.017
decoy1_12.pdb         0.80   55.56    8.46  16.450
decoy1_13.pdb         0.97   55.56    8.47  14.719
decoy1_8.pdb          0.90   48.15    8.43  15.152
decoy1_1.pdb          0.97   55.56    8.34  15.584
decoy1_2.pdb          0.50   55.56    8.38  15.584
decoy1_3.pdb          0.71   55.56    8.36  16.450
decoy1_4.pdb          0.74   55.56    8.39  16.017
decoy1_6.pdb          0.87   55.56    8.33  16.017
decoy1_5.pdb          0.76   55.56    8.33  16.017
decoy1_19.pdb         1.81   44.44    8.32  16.450
decoy1_28.pdb         1.12   55.56    8.66  14.286
decoy1_45.pdb         1.35   48.15    8.50  15.152
decoy1_48.pdb         1.55   55.56    8.64  14.719
decoy1_49.pdb         1.15   55.56    8.38  14.286
decoy1_14.pdb         1.89   44.44    8.59  13.420
decoy1_32.pdb         1.44   55.56    8.50  15.584
decoy1_57.pdb         1.47   48.15    8.72  14.719
decoy1_58.pdb         1.54   48.15    8.72  15.152
decoy1_59.pdb         1.52   48.15    8.67  15.152
decoy1_87.pdb         2.08   51.85    8.73  12.554
decoy1_150.pdb        3.79   55.56    8.68  16.450
decoy1_151.pdb        3.77   55.56    8.65  17.749
decoy1_158.pdb        3.93   51.85    8.70  16.450
decoy2_1.pdb          2.96   62.96    8.52  15.584
decoy3_1.pdb          1.85   48.15    8.57  16.883
decoy3_2.pdb          2.56   55.56    8.73  15.152
decoy3_15.pdb         2.79   55.56    8.41  16.450
decoy3_8.pdb          2.24   59.26    8.61  16.017
decoy3_63.pdb         3.96   59.26    8.55  19.481
decoy3_69.pdb         3.86   59.26    8.74  18.182
decoy3_119.pdb        4.02   51.85    8.59  19.048
decoy4_1.pdb          3.93   70.37    8.52  20.346
decoy4_92.pdb         5.11   51.85    8.76  20.779
decoy5_1.pdb          3.98   33.33    8.42  16.017
decoy5_118.pdb        6.74   55.56    8.54  12.554
decoy5_131.pdb        6.85   37.04    7.76  18.182
decoy5_155.pdb        7.34   62.96    8.37  14.719
decoy5_152.pdb        7.07   70.37    8.67  10.823
decoy5_185.pdb        7.28   62.96    8.33  14.719
decoy5_192.pdb        7.01   51.85    8.82  10.823
decoy5_165.pdb        7.19   55.56    8.81   9.957
decoy5_167.pdb        7.07   55.56    8.75   9.957
decoy5_182.pdb        7.06   55.56    8.73   9.957
decoy5_190.pdb        7.03   59.26    8.63  10.823
decoy5_178.pdb        7.04   48.15    7.73  18.615
decoy5_194.pdb        7.02   33.33    7.77  17.316
decoy5_156.pdb        7.11   29.63    8.66  10.823
decoy5_168.pdb        7.23   51.85    8.15  15.152
decoy5_173.pdb        7.00   51.85    7.74  17.749
decoy5_183.pdb        7.18   48.15    8.78   9.957
decoy5_186.pdb        7.30   37.04    8.02  13.853
decoy5_187.pdb        7.07   55.56    8.72   9.957
decoy5_191.pdb        7.39   37.04    8.09  16.017
decoy5_201.pdb        7.59   33.33    8.45  14.286
decoy5_205.pdb        8.04   37.04    9.47   9.524
decoy5_202.pdb        8.16   22.22    9.81   7.792
decoy5_203.pdb        8.03   40.74    9.78   7.792
decoy5_204.pdb        8.55   29.63   11.06   7.792
decoy6_1.pdb          1.93   48.15    8.71  14.719
decoy7_1.pdb          2.94   33.33    8.52  17.316
decoy8_1.pdb          2.95   59.26    8.61  17.316
decoy8_152.pdb        5.09   66.67    8.41  11.688
decoy8_149.pdb        5.09   44.44    8.32  12.987
decoy9_1.pdb          3.91   37.04    8.35  21.645
decoy9_107.pdb        5.79   66.67    8.91  18.615
decoy9_135.pdb        6.18   48.15   10.68  11.688
decoy9_156.pdb        7.16   55.56   11.11  12.554
decoy9_154.pdb        7.16   48.15   11.29  12.554
decoy9_157.pdb        7.24   48.15   11.42  12.987
decoy9_159.pdb        8.48   55.56   12.35  11.688
decoy10_2.pdb         1.72   51.85    8.21  16.883
decoy10_8.pdb         1.55   55.56    8.32  16.017
decoy10_4.pdb         1.61   48.15    8.38  15.584
decoy10_6.pdb         1.56   55.56    8.30  16.017
decoy11_12.pdb        1.94   51.85    8.55  13.853
decoy11_13.pdb        1.91   48.15    8.49  14.286
decoy11_26.pdb        2.73   48.15    8.47  16.017
decoy11_33.pdb        2.98   62.96    8.42  16.883
decoy11_56.pdb        2.54   48.15    8.44  15.584
decoy11_58.pdb        2.60   62.96    8.50  15.584
decoy11_59.pdb        2.63   62.96    8.49  16.017
decoy12_16.pdb        1.82   59.26    8.59  14.719
decoy12_5.pdb         1.49   55.56    8.62  13.420
decoy12_11.pdb        1.61   55.56    8.35  16.450
decoy12_15.pdb        1.48   55.56    8.49  14.719
decoy12_17.pdb        1.37   55.56    8.54  14.719
decoy12_18.pdb        1.40   55.56    8.48  14.286
decoy12_70.pdb        2.62   55.56    8.60  14.719
decoy13_1.pdb         1.95   51.85    8.64  14.719
decoy14_1.pdb         2.67   44.44    8.72  16.450
decoy14_72.pdb        4.16   51.85    8.62  17.749
decoy15_5.pdb         3.01   48.15    8.40  16.883
decoy16_1.pdb         2.58   55.56    8.62  15.584
decoy16_98.pdb        4.11   62.96    8.88  18.615
decoy17_3.pdb         1.75   62.96    8.56  16.450
decoy17_4.pdb         1.81   62.96    8.59  16.450
decoy17_5.pdb         2.88   59.26    8.44  17.316
decoy17_7.pdb         2.64   59.26    8.34  17.316
decoy17_24.pdb        2.69   59.26    8.33  17.316
decoy17_12.pdb        2.87   55.56    8.48  16.017
decoy17_18.pdb        2.78   59.26    8.34  17.316
decoy17_15.pdb        2.53   62.96    8.56  16.017
decoy17_22.pdb        2.04   55.56    8.29  15.152
decoy17_32.pdb        2.29   48.15    8.85  14.719
decoy17_10.pdb        2.08   55.56    8.63  15.584
decoy17_19.pdb        2.80   55.56    8.66  16.017
decoy17_48.pdb        3.85   59.26    8.44  17.316
decoy17_49.pdb        3.95   59.26    8.48  17.316
decoy17_70.pdb        3.90   59.26    8.46  17.316
decoy17_110.pdb       4.47   59.26    8.49  17.316
decoy17_140.pdb       4.47   59.26    8.49  17.316
decoy18_14.pdb        2.99   59.26    8.52  18.182
decoy19_1.pdb         1.88   55.56    8.44  15.152
decoy19_5.pdb         2.94   55.56    8.59  15.152
decoy19_7.pdb         3.02   55.56    8.52  16.883
decoy19_14.pdb        2.98   55.56    8.40  16.883
decoy19_21.pdb        3.76   59.26    8.51  19.481
decoy19_23.pdb        3.74   66.67    8.46  20.779
decoy19_26.pdb        3.81   66.67    8.49  20.346
decoy19_28.pdb        3.55   59.26    8.82  17.749
decoy19_29.pdb        3.81   66.67    8.48  20.779
decoy19_38.pdb        3.80   66.67    8.47  20.346
decoy20_3.pdb         1.79   51.85    8.47  18.182
decoy21_1.pdb         1.76   51.85    8.58  15.584
decoy22_2.pdb         1.63   62.96    8.44  16.017
decoy22_171.pdb       5.06   66.67    9.01  19.481
decoy23_4.pdb         2.73   33.33    8.77  13.853
decoy24_2.pdb         2.54   40.74    8.39  17.316
decoy25_9.pdb         2.96   44.44    8.58  16.450
decoy26_1.pdb         2.11   62.96    8.43  15.584
decoy27_2.pdb         4.93   40.74    8.61  19.913
decoy27_68.pdb        6.05   40.74    8.98  21.212
decoy28_1.pdb         1.96   55.56    8.45  17.749
decoy29_1.pdb         2.84   51.85    8.92  15.152
decoy30_6.pdb         4.74   59.26    8.67  19.048
decoy30_167.pdb       8.18   37.04    9.07  11.255
decoy30_164.pdb       8.10   29.63    9.18   9.091
decoy30_168.pdb       9.26   22.22    9.51  13.853
decoy30_169.pdb       9.03   29.63    9.60   8.658
decoy30_170.pdb       9.07   22.22    9.23   9.091
decoy31_3.pdb         2.72   66.67    8.64  17.749
decoy31_122.pdb       5.42   66.67    8.83  21.212
decoy32_2.pdb         3.54   44.44    8.88  13.853
decoy32_64.pdb        5.44   59.26    8.95  19.913
decoy32_63.pdb        5.31   66.67    9.07  18.615
decoy32_111.pdb       6.40   51.85    8.78  19.481
decoy32_122.pdb       6.06   51.85    8.72  19.913
decoy32_124.pdb       6.18   51.85    8.70  19.481
decoy32_126.pdb       6.34   51.85    8.79  20.346
decoy33_1.pdb         3.35   44.44    8.81  14.286
decoy33_80.pdb        5.32   66.67    8.88  21.212
decoy34_2.pdb         3.55   48.15    8.35  17.749
decoy35_9.pdb         4.36   44.44    8.22  18.615
decoy35_62.pdb        6.29   55.56    8.96  19.913
decoy35_68.pdb        6.28   59.26    9.00  19.481
decoy36_2.pdb         3.61   51.85    8.77  14.719
decoy37_50.pdb        5.90   62.96    8.99  20.346
decoy38_30.pdb        5.48   55.56    8.90  20.346
decoy38_164.pdb       8.88   14.81    8.56   7.792
decoy38_171.pdb       9.05   22.22    8.74   7.359
decoy38_169.pdb       8.87   14.81    8.98  10.390
decoy38_170.pdb       8.93    7.41    8.92  11.255
decoy39_22.pdb        4.68   66.67    9.05  20.346
decoy39_97.pdb        5.72   66.67    9.01  17.749
decoy39_74.pdb        5.64   66.67    9.00  17.749
decoy39_85.pdb        5.66   59.26    9.00  17.749
decoy39_150.pdb      11.42   22.22   10.93   9.091
decoy40_1.pdb         1.91   55.56    8.54  17.316
decoy41_6.pdb         3.77   40.74    8.41  16.450
decoy41_62.pdb        5.82   59.26    8.97  20.779
decoy42_4.pdb         5.02   66.67    8.76  20.346
decoy42_115.pdb       8.57   37.04    9.11  12.121
decoy42_116.pdb       8.35   40.74    8.97  12.554
decoy42_117.pdb       8.26   33.33    8.91  12.987
decoy42_119.pdb       8.40   33.33    8.98  11.688
decoy42_120.pdb       8.40   33.33    8.97  12.554
decoy43_14.pdb        4.78   37.04    8.21  17.749
decoy44_30.pdb        4.94   40.74    8.58  20.779
decoy45_45.pdb        4.51   66.67    8.52  22.944
decoy46_46.pdb        4.84   66.67    8.76  21.212
decoy47_17.pdb        4.14   33.33    8.83  15.584
decoy48_1.pdb         3.93   44.44    8.69  16.017
decoy49_12.pdb        3.81   44.44    8.84  16.017
decoy50_1.pdb         5.03   55.56    8.14  19.481
decoy50_89.pdb        8.14   29.63    8.89  18.182
decoy50_91.pdb        8.02   37.04    8.75  18.615
decoy50_92.pdb        8.04   29.63    8.74  17.749
decoy50_93.pdb        8.15   29.63    8.85  17.749
decoy50_98.pdb        8.00   37.04    8.75  17.749
decoy50_99.pdb        8.09   29.63    8.69  17.316
decoy50_110.pdb       8.01   51.85    8.58  18.182
decoy50_111.pdb       9.06   37.04    8.55  16.017
decoy50_112.pdb       9.05   29.63    8.68  17.316
decoy50_113.pdb       9.17   29.63    8.56  16.883
decoy50_114.pdb       9.22   37.04    8.65  16.450
decoy51_41.pdb        4.83   55.56    8.76  19.048
decoy52_19.pdb        5.02   66.67    8.87  20.779
decoy53_1.pdb         4.96   40.74    8.34  16.017
decoy53_124.pdb       6.96   51.85    8.32  19.913
decoy53_126.pdb       6.98   51.85    8.35  20.346
decoy53_132.pdb       7.01   51.85    8.32  21.212
decoy53_138.pdb       7.05   51.85    8.35  19.048
decoy54_2.pdb         3.87   29.63    8.59  14.286
decoy54_43.pdb        5.43   51.85    8.82  18.182
decoy54_50.pdb        5.41   59.26    8.64  19.913
decoy54_63.pdb        5.41   48.15    8.75  17.749
decoy55_1.pdb         3.40   44.44    8.47  16.017
decoy56_13.pdb        4.67   22.22    7.88  16.450
decoy56_108.pdb       8.53   22.22    8.34  10.390
decoy57_2.pdb         3.93   18.52    8.53   9.957
decoy58_12.pdb        4.71   51.85    8.59  17.316
decoy58_81.pdb        6.32   44.44    9.07  20.779
decoy58_83.pdb        6.74   59.26    9.35  19.913
decoy58_93.pdb        6.37   51.85    9.30  19.913
decoy58_110.pdb       6.24   55.56    8.78  22.078
decoy58_116.pdb       6.31   55.56    8.72  22.078
decoy59_4.pdb         3.75   25.93    8.94  12.554
decoy59_49.pdb        5.85   59.26    8.72  21.212
decoy59_143.pdb       6.06   55.56    8.45  22.078
decoy60_50.pdb        4.78   55.56    8.78  21.645
decoy60_155.pdb       7.30   40.74    9.11  20.346
decoy60_160.pdb       7.17   40.74    9.05  19.913
decoy60_167.pdb       7.31   44.44    9.30  19.913
decoy60_171.pdb       7.08   40.74    8.98  19.048
decoy61_19.pdb        4.78   29.63    9.04  15.584
decoy62_1.pdb         3.78   14.81    8.51  12.987
decoy62_132.pdb       6.25   59.26    9.11  19.913
decoy62_148.pdb       6.34   59.26    9.12  20.346
decoy62_107.pdb       6.40   59.26    9.21  19.913
decoy62_149.pdb       6.47   59.26    9.14  20.346
decoy63_1.pdb         3.87   37.04    8.76  13.853
decoy63_16.pdb        5.32   59.26    9.22  19.048
decoy63_22.pdb        5.39   59.26    9.12  19.913
decoy64_4.pdb         5.05   14.81    8.74  17.316
decoy64_81.pdb        6.10   59.26    9.12  18.182
decoy65_2.pdb         3.94   51.85    8.72  18.615
decoy65_135.pdb       6.30   44.44    8.60  18.615
decoy66_4.pdb         4.87   44.44    8.45  18.615
decoy66_59.pdb        5.72   55.56    8.57  20.779
decoy66_78.pdb        5.56   55.56    8.56  19.913
decoy66_65.pdb        5.35   70.37    9.18  18.615
decoy66_43.pdb        5.34   70.37    8.57  19.913
decoy66_52.pdb        5.64   66.67    8.55  19.913
decoy66_58.pdb        5.22   66.67    8.56  19.913
decoy66_60.pdb        5.39   70.37    8.58  20.346
decoy66_67.pdb        5.43   55.56    8.60  19.913
decoy66_70.pdb        5.47   48.15    8.68  19.048
decoy66_71.pdb        5.25   55.56    8.58  19.048
decoy66_94.pdb        6.40   55.56    8.96  22.078
decoy66_112.pdb       6.21   59.26    8.99  22.944
decoy66_95.pdb        6.24   55.56    8.97  22.944
decoy66_108.pdb       6.53   55.56    8.99  22.078
decoy67_7.pdb         4.49   44.44    8.32  18.615
decoy67_20.pdb        5.81   59.26    8.45  20.346
decoy67_139.pdb       8.00   44.44    8.52  12.554
decoy67_140.pdb       8.04   33.33    8.59  11.688
decoy67_141.pdb       8.03    7.41    7.77  16.017
decoy68_1.pdb         3.84    7.41    8.40  10.390
decoy68_92.pdb        5.80   62.96    8.69  19.048
decoy68_134.pdb       5.97   55.56    8.69  19.481
decoy68_108.pdb       6.10   55.56    9.14  20.346
decoy68_133.pdb       5.95   70.37    8.89  19.913
decoy69_10.pdb        4.91   66.67    8.77  21.645
decoy69_152.pdb       6.98   59.26    9.10  19.481
decoy70_5.pdb         4.24   40.74    8.40  13.853
decoy70_92.pdb        6.31   55.56    8.81  21.645
decoy71_34.pdb        4.90   70.37    8.89  19.048
decoy72_2.pdb         4.92   37.04    8.54  19.913
decoy72_150.pdb       8.13   40.74    8.80  11.688
decoy72_151.pdb       8.07   40.74    8.89  11.255
decoy72_153.pdb       8.02   40.74    8.90  10.390
decoy72_154.pdb       8.12   37.04    8.86  10.390
decoy72_155.pdb       8.12   40.74    8.79  10.823
decoy72_156.pdb       8.04   40.74    8.79  11.688
decoy72_158.pdb       8.13   40.74    8.80  11.255
decoy72_159.pdb       8.04   40.74    8.83  11.255
decoy72_160.pdb       8.12   40.74    8.77  11.255
decoy72_169.pdb       8.18   40.74    8.82  11.255
decoy73_1.pdb         3.95   48.15    8.25  12.554
decoy74_4.pdb         4.96   51.85    8.41  19.048
decoy75_9.pdb         4.99   66.67    8.88  20.779
decoy75_101.pdb       6.18   59.26    9.00  20.779
decoy75_110.pdb       6.18   44.44    9.01  20.779
decoy75_120.pdb       6.19   59.26    9.06  19.913
decoy75_136.pdb       7.20   44.44    9.29  16.883
decoy76_36.pdb        4.75   62.96    8.63  22.078
decoy77_1.pdb         3.97    7.41    8.99  10.823
decoy77_51.pdb        5.95   51.85    8.98  22.511
decoy77_52.pdb        5.25   66.67    8.77  21.212
decoy77_106.pdb       6.31   51.85    8.97  21.212
decoy78_5.pdb         4.95   40.74    8.70  11.688
decoy78_157.pdb       7.28   48.15    8.50  19.048
decoy78_158.pdb       7.20   55.56    8.32  19.481
decoy78_165.pdb       7.06   48.15    8.74  20.779
decoy78_184.pdb       7.23   48.15    9.04  16.017
Average              4.952   49.91    8.73  16.544
Pcorr-to-dcyRMSD       -     -0.38    0.39  -0.130
Native-rank-in-top1    -        No      No      No
Native-rank-in-top5    -        No      No      No
Native-Zscore          -    -0.716  -0.548  -0.275