>>-------------------- Decoy set detailed informations --------------------<<
ID:        1VII
Length:   36      Class: Alpha protein

Protein sequence and second structure: (H->helix;E->sheet;C->coil)
MLSDEDFKAVFGMTRSAFANLPLWKQQNLKKEKGLF
CCCHHHHHHCCCCCHHHHHCCCHHHHHHHHHHCCCC

EVENNESS:   0.856  npwRMSD:   0.883
RMSD-BIN  >0<  >1<  >2<  >3<  >4<  >5<  >6<  >7<  >8<  >9< >10< >11<  >12 TOTAL
N_Decoy    21   26   35   27   37   31   31   30   34   28    0    0    0   300

Name                  RMSD SEC_PCT R_GYRAT CNT_NUM
1VII.pdb              0.00   58.33    8.82   3.441
decoy0_1.pdb          0.24   63.89    8.82   3.226
decoy1_1.pdb          0.89   61.11    8.98   2.581
decoy1_2.pdb          0.65   63.89    8.92   2.796
decoy1_6.pdb          0.85   61.11    8.94   3.011
decoy1_7.pdb          0.94   61.11    9.03   2.366
decoy1_8.pdb          0.76   61.11    8.91   3.441
decoy1_10.pdb         0.75   61.11    9.00   2.366
decoy1_11.pdb         0.82   55.56    8.89   3.226
decoy1_12.pdb         0.90   61.11    8.85   3.441
decoy1_13.pdb         0.83   61.11    8.92   3.226
decoy1_14.pdb         0.84   55.56    8.95   3.011
decoy1_15.pdb         0.74   58.33    8.98   2.581
decoy1_16.pdb         0.98   58.33    9.00   2.581
decoy1_18.pdb         0.98   61.11    9.02   2.581
decoy1_21.pdb         1.01   55.56    8.84   3.226
decoy1_4.pdb          0.82   61.11    8.89   2.581
decoy1_5.pdb          0.87   58.33    8.85   3.011
decoy1_17.pdb         0.96   61.11    8.89   3.011
decoy1_19.pdb         0.70   63.89    8.99   3.226
decoy1_20.pdb         0.94   58.33    9.05   4.086
decoy1_3.pdb          0.93   63.89    8.74   3.441
decoy1_9.pdb          0.95   63.89    8.76   3.441
decoy2_1.pdb          3.99   77.78    8.62   4.086
decoy2_75.pdb         5.60   86.11    8.86   2.796
decoy2_107.pdb        6.04   88.89    9.04   1.935
decoy3_1.pdb          5.35   72.22    8.92   3.656
decoy3_92.pdb         7.27   86.11    8.12   3.871
decoy3_68.pdb         7.25   91.67    8.10   4.946
decoy3_72.pdb         7.13   86.11    8.11   4.086
decoy3_80.pdb         7.24   86.11    8.19   3.871
decoy3_100.pdb        7.21   86.11    8.11   4.731
decoy3_157.pdb        9.24   80.56    9.17   3.441
decoy3_158.pdb        9.10   75.00    9.02   3.656
decoy3_163.pdb        9.11   72.22    8.98   3.871
decoy3_164.pdb        9.17   72.22    9.04   3.656
decoy3_159.pdb        9.14   77.78    9.13   3.441
decoy3_161.pdb        9.21   75.00    9.04   4.301
decoy3_168.pdb        9.13   72.22    9.06   3.871
decoy3_165.pdb        9.02   69.44    9.98   1.505
decoy3_167.pdb        9.24   77.78    9.10   4.731
decoy3_197.pdb        9.21   63.89    9.18   4.086
decoy3_162.pdb        9.28   77.78    9.18   4.301
decoy3_170.pdb        9.24   77.78    9.13   4.731
decoy3_171.pdb        9.19   61.11   10.30   1.290
decoy4_5.pdb          3.45   63.89    9.06   4.086
decoy4_160.pdb        6.80   83.33    9.01   3.871
decoy4_163.pdb        6.64   86.11    9.00   3.011
decoy4_196.pdb        6.71   83.33    9.04   3.011
decoy5_31.pdb         3.89   86.11    8.78   3.011
decoy5_58.pdb         4.24   86.11    8.78   2.366
decoy5_154.pdb        6.71   83.33    9.29   1.720
decoy6_39.pdb         3.85   88.89    9.07   1.290
decoy6_123.pdb        5.56   86.11    8.65   2.151
decoy6_193.pdb        6.96   86.11    8.92   1.075
decoy6_190.pdb        6.99   86.11    8.90   1.505
decoy6_207.pdb        7.77   86.11    8.25   3.656
decoy7_29.pdb         1.72   69.44    8.86   3.871
decoy7_242.pdb        6.59   83.33    8.62   5.161
decoy7_244.pdb        6.48   75.00    8.61   4.946
decoy7_294.pdb        7.61   83.33    8.79   1.505
decoy8_1.pdb          1.91   72.22    8.73   3.656
decoy8_71.pdb         2.55   75.00    8.74   3.871
decoy8_44.pdb         2.65   66.67    8.94   2.581
decoy8_366.pdb        8.10   75.00    8.79   3.226
decoy9_6.pdb          2.03   77.78    9.29   1.935
decoy9_11.pdb         2.00   72.22    9.28   2.151
decoy9_8.pdb          1.97   72.22    9.24   1.935
decoy9_10.pdb         2.01   69.44    9.29   1.935
decoy9_12.pdb         1.99   72.22    9.20   2.151
decoy10_3.pdb         1.98   63.89    9.28   1.505
decoy10_60.pdb        2.91   83.33    8.91   2.151
decoy10_67.pdb        2.85   83.33    8.98   1.720
decoy10_80.pdb        2.77   77.78    8.94   1.720
decoy11_4.pdb         5.98   69.44    8.84   2.581
decoy12_9.pdb         1.85   63.89    9.07   2.151
decoy12_119.pdb       4.54   91.67    9.25   2.581
decoy12_127.pdb       4.43   91.67    9.17   2.796
decoy12_210.pdb       6.00   83.33    9.14   1.720
decoy12_211.pdb       6.21   86.11    9.23   2.151
decoy12_219.pdb       6.07   86.11    9.23   1.720
decoy13_28.pdb        2.56   72.22    8.89   2.581
decoy13_129.pdb       4.42   86.11    8.88   2.581
decoy13_142.pdb       4.35   88.89    8.96   2.581
decoy13_201.pdb       6.00   72.22    8.80   3.226
decoy14_14.pdb        1.91   72.22    8.84   3.441
decoy14_63.pdb        2.79   83.33    9.21   2.366
decoy14_47.pdb        2.56   80.56    9.01   2.796
decoy14_44.pdb        2.54   77.78    9.00   3.011
decoy14_57.pdb        2.64   77.78    9.00   3.011
decoy14_80.pdb        2.50   75.00    8.96   2.796
decoy14_81.pdb        2.50   75.00    8.97   2.581
decoy14_222.pdb       5.59   83.33    9.40   3.011
decoy15_2.pdb         1.89   63.89    8.82   3.011
decoy16_2.pdb         4.00   88.89    8.80   2.151
decoy16_128.pdb       5.69   88.89    8.88   1.505
decoy16_136.pdb       5.77   88.89    9.09   1.075
decoy16_106.pdb       5.22   86.11    8.70   2.366
decoy16_168.pdb       6.58   83.33    8.97   2.581
decoy16_171.pdb       6.91   86.11    8.87   2.366
decoy16_172.pdb       6.68   83.33    8.94   2.366
decoy16_251.pdb       8.15   86.11    8.84   1.935
decoy16_259.pdb       8.48   80.56    8.86   2.366
decoy16_267.pdb       8.24   83.33    8.71   2.366
decoy16_272.pdb       8.54   80.56    8.89   2.796
decoy16_279.pdb       8.52   80.56    8.90   3.011
decoy16_280.pdb       8.36   80.56    8.73   2.581
decoy16_256.pdb       8.46   83.33    8.77   2.366
decoy16_258.pdb       8.39   80.56    8.83   2.151
decoy16_262.pdb       8.55   80.56    8.85   2.151
decoy16_268.pdb       8.34   77.78    8.73   2.366
decoy16_278.pdb       8.34   77.78    8.72   2.581
decoy16_283.pdb       8.39   77.78    8.83   2.581
decoy16_284.pdb       8.05   83.33    8.77   1.720
decoy16_287.pdb       8.40   80.56    8.82   3.011
decoy16_253.pdb       8.20   80.56    8.77   2.581
decoy16_255.pdb       8.43   72.22    8.80   2.151
decoy16_260.pdb       8.42   80.56    8.76   3.011
decoy16_261.pdb       8.38   80.56    8.78   2.366
decoy16_263.pdb       8.41   80.56    8.78   2.151
decoy16_266.pdb       8.52   80.56    8.89   2.151
decoy16_270.pdb       8.39   80.56    8.77   3.011
decoy16_271.pdb       8.44   80.56    8.79   2.366
decoy16_276.pdb       8.11   80.56    8.71   1.935
decoy16_282.pdb       8.54   77.78    8.85   2.151
decoy16_288.pdb       8.56   80.56    8.93   2.151
decoy17_1.pdb         2.07   63.89    9.21   1.720
decoy17_2.pdb         2.01   69.44    9.19   2.151
decoy17_4.pdb         1.94   69.44    9.26   2.366
decoy17_5.pdb         1.98   69.44    9.12   1.935
decoy17_6.pdb         1.96   69.44    9.15   2.366
decoy17_8.pdb         2.00   66.67    9.27   1.505
decoy17_12.pdb        1.91   66.67    9.31   1.935
decoy17_18.pdb        1.93   72.22    9.14   3.011
decoy17_198.pdb       6.28   77.78    9.10   1.505
decoy17_196.pdb       6.23   83.33    9.10   1.290
decoy17_211.pdb       6.37   77.78    9.07   1.505
decoy17_220.pdb       6.33   77.78    8.93   2.151
decoy18_9.pdb         1.85   66.67    9.04   2.151
decoy18_18.pdb        1.79   66.67    9.02   2.581
decoy18_19.pdb        1.81   66.67    9.01   2.581
decoy18_49.pdb        1.95   69.44    8.90   3.441
decoy18_7.pdb         1.83   66.67    9.02   2.366
decoy18_24.pdb        1.84   69.44    9.01   2.366
decoy18_27.pdb        1.88   66.67    8.86   2.581
decoy18_26.pdb        1.84   72.22    8.95   3.011
decoy18_31.pdb        1.99   66.67    8.97   2.796
decoy18_32.pdb        1.98   69.44    8.89   3.441
decoy18_282.pdb       6.55   86.11    8.96   4.301
decoy18_260.pdb       6.17   86.11    8.64   2.581
decoy19_1.pdb         1.96   66.67    9.14   2.796
decoy19_286.pdb       7.87   83.33    8.87   2.366
decoy19_309.pdb       7.81   86.11    8.68   2.581
decoy20_1.pdb         1.89   50.00    9.27   2.581
decoy20_10.pdb        2.77   75.00    8.83   2.796
decoy21_6.pdb         4.30   80.56    8.65   3.441
decoy22_1.pdb         4.80   63.89    8.94   1.935
decoy22_252.pdb       8.94   75.00    8.85   3.226
decoy22_253.pdb       9.91   55.56    9.09   5.376
decoy22_251.pdb       9.00   86.11    9.09   2.366
decoy22_258.pdb       9.87   72.22    9.03   5.376
decoy22_261.pdb       9.76   55.56    8.96   4.731
decoy22_267.pdb       9.54   58.33    8.93   4.731
decoy22_270.pdb       9.45   52.78    9.46   5.161
decoy22_260.pdb       9.66   63.89    8.94   5.591
decoy22_275.pdb       9.53   63.89    8.87   5.591
decoy22_257.pdb       9.68   69.44    8.87   5.806
decoy22_262.pdb       9.84   69.44    9.01   5.591
decoy22_263.pdb       9.66   61.11    8.89   6.237
decoy22_264.pdb       9.76   63.89    9.04   4.731
decoy22_276.pdb       9.38   55.56    9.65   3.871
decoy23_3.pdb         2.91   75.00    9.19   3.011
decoy24_1.pdb         2.73   47.22    8.83   4.946
decoy24_111.pdb       5.26   88.89   10.00   3.226
decoy24_116.pdb       5.08   83.33   10.28   2.581
decoy24_120.pdb       5.08   86.11   10.08   2.581
decoy24_214.pdb       8.15   77.78    8.91   3.871
decoy25_13.pdb        3.04   66.67    9.41   5.161
decoy26_12.pdb        4.64   63.89    9.10   1.505
decoy27_6.pdb         2.86   69.44    9.05   2.796
decoy28_1.pdb         4.02   58.33    9.22   1.935
decoy28_207.pdb       8.50   86.11    8.71   3.656
decoy28_213.pdb       8.24   83.33    8.51   4.086
decoy28_204.pdb       8.51   88.89    8.63   4.086
decoy28_212.pdb       8.49   86.11    8.64   3.871
decoy29_24.pdb        2.98   80.56    9.14   2.366
decoy29_10.pdb        2.85   75.00    9.00   2.796
decoy29_11.pdb        2.92   77.78    9.12   2.151
decoy29_13.pdb        2.96   83.33    9.10   2.151
decoy29_51.pdb        3.94   88.89    8.99   1.720
decoy29_69.pdb        3.46   77.78    8.77   2.796
decoy29_70.pdb        3.48   83.33    8.84   2.581
decoy29_109.pdb       4.02   83.33    8.73   2.366
decoy29_117.pdb       4.11   83.33    9.17   1.720
decoy29_126.pdb       4.13   88.89    9.14   1.720
decoy29_136.pdb       4.17   88.89    9.13   1.720
decoy29_148.pdb       4.18   88.89    9.13   1.720
decoy29_252.pdb       7.20   88.89    8.70   4.086
decoy29_253.pdb       7.17   69.44    8.69   4.301
decoy29_269.pdb       7.27   83.33    8.74   4.086
decoy29_284.pdb       7.32   91.67    8.72   3.871
decoy29_288.pdb       7.16   77.78    8.76   4.086
decoy29_263.pdb       7.15   83.33    8.64   3.871
decoy29_270.pdb       7.23   86.11    8.65   3.656
decoy29_276.pdb       7.12   75.00    8.56   4.731
decoy29_287.pdb       7.16   83.33    8.73   4.516
decoy30_29.pdb        4.10   83.33    9.58   1.075
decoy30_115.pdb       5.21   91.67    9.28   1.935
decoy30_126.pdb       5.48   86.11    9.14   2.151
decoy30_180.pdb       6.91   86.11    9.01   1.935
decoy30_245.pdb       7.51   86.11    8.77   1.720
decoy30_247.pdb       7.73   88.89    8.66   2.796
decoy31_49.pdb        3.72   77.78    9.17   2.796
decoy32_13.pdb        2.96   77.78    9.04   2.796
decoy32_24.pdb        2.84   77.78    9.06   3.011
decoy32_176.pdb       5.20   86.11    9.42   2.151
decoy33_7.pdb         2.92   66.67    9.17   3.226
decoy33_102.pdb       4.45   91.67    9.59   1.290
decoy33_125.pdb       4.64   91.67    9.75   0.430
decoy33_108.pdb       4.57   91.67    9.69   1.290
decoy33_126.pdb       4.60   91.67    9.65   1.505
decoy34_33.pdb        2.93   86.11    8.71   4.086
decoy34_50.pdb        3.02   86.11    8.78   3.871
decoy35_7.pdb         3.96   83.33    9.82   2.366
decoy36_1.pdb         4.00   72.22    8.80   3.441
decoy36_59.pdb        4.43   86.11    8.88   2.151
decoy36_179.pdb       6.66   80.56    8.58   3.441
decoy36_180.pdb       6.58   80.56    8.51   4.086
decoy36_171.pdb       6.36   72.22    8.46   4.086
decoy36_175.pdb       6.50   80.56    8.51   3.871
decoy36_188.pdb       6.37   77.78    8.52   3.441
decoy37_1.pdb         2.73   50.00    9.06   4.301
decoy38_39.pdb        4.32   91.67    9.44   2.151
decoy38_2.pdb         4.48   88.89    9.49   2.581
decoy38_6.pdb         4.50   88.89    9.47   2.796
decoy38_33.pdb        4.55   91.67    9.47   2.796
decoy38_40.pdb        4.67   88.89    9.11   3.871
decoy38_44.pdb        4.53   91.67    9.54   2.366
decoy38_128.pdb       6.51   83.33    8.88   4.301
decoy39_30.pdb        4.00   83.33    9.78   2.366
decoy39_107.pdb       5.34   83.33    9.36   2.581
decoy40_3.pdb         4.98   58.33    9.69   3.871
decoy41_13.pdb        2.97   69.44    9.14   3.011
decoy42_14.pdb        2.73   77.78    8.80   4.086
decoy43_26.pdb        3.97   83.33    9.38   2.581
decoy44_20.pdb        2.97   63.89    9.05   1.505
decoy45_9.pdb         3.84   61.11    9.23   4.301
decoy45_69.pdb        5.60   88.89    9.53   1.935
decoy46_12.pdb        3.94   77.78    8.21   6.022
decoy47_19.pdb        3.63   91.67    9.08   2.366
decoy47_80.pdb        4.50   86.11    9.60   2.151
decoy47_96.pdb        4.86   86.11    9.53   2.151
decoy47_108.pdb       5.59   91.67    9.81   2.151
decoy47_111.pdb       5.13   91.67    9.57   1.290
decoy47_120.pdb       5.41   86.11    9.71   1.505
decoy47_122.pdb       5.13   91.67    9.63   1.290
decoy47_134.pdb       5.12   88.89    9.65   1.075
decoy48_20.pdb        3.83   69.44    9.26   1.935
decoy49_24.pdb        3.99   72.22    8.90   4.086
decoy49_264.pdb       9.29   69.44    9.19   4.946
decoy50_3.pdb         2.98   69.44    9.06   2.581
decoy50_83.pdb        4.25   88.89    9.28   2.366
decoy50_84.pdb        4.16   88.89    9.29   2.151
decoy51_7.pdb         3.77   72.22    8.81   2.151
decoy52_6.pdb         3.54   50.00    8.94   5.161
decoy53_9.pdb         3.74   63.89    9.07   1.935
decoy53_163.pdb       6.74   80.56    8.83   3.441
decoy54_32.pdb        3.98   72.22    9.47   1.505
decoy54_107.pdb       5.30   88.89    9.68   1.290
decoy54_115.pdb       5.63   75.00    9.50   2.366
decoy54_89.pdb        5.29   86.11    9.67   1.505
decoy54_90.pdb        5.10   83.33    9.82   0.645
decoy54_98.pdb        5.02   86.11    9.75   1.075
decoy54_99.pdb        5.07   86.11    9.76   1.075
decoy54_101.pdb       5.04   86.11    9.57   3.441
decoy54_158.pdb       6.69   77.78    8.77   2.366
decoy54_187.pdb       7.02   77.78    8.36   3.871
decoy54_190.pdb       7.09   80.56    8.38   3.441
decoy54_191.pdb       7.09   86.11    8.37   3.656
decoy54_192.pdb       7.14   86.11    8.34   3.656
decoy54_194.pdb       7.01   83.33    8.29   4.086
decoy54_188.pdb       7.00   80.56    8.38   4.086
decoy55_18.pdb        3.63   80.56    9.69   0.860
decoy55_143.pdb       5.72   88.89    8.76   2.366
decoy56_4.pdb         4.67   75.00    9.02   2.796
decoy57_3.pdb         3.94   72.22    9.01   1.935
decoy58_3.pdb         3.83   75.00    9.09   2.581
decoy58_100.pdb       5.49   83.33    9.41   0.860
decoy58_175.pdb       7.92   86.11    8.66   4.086
decoy58_183.pdb       8.01   86.11    8.88   3.656
decoy58_188.pdb       7.87   86.11    8.65   4.086
decoy58_167.pdb       7.92   86.11    8.70   3.871
decoy58_187.pdb       7.87   77.78    8.58   4.516
decoy59_23.pdb        3.59   75.00    9.22   2.581
decoy59_301.pdb       9.04   58.33    8.91   2.366
decoy60_29.pdb        3.76   75.00    8.59   2.151
decoy61_28.pdb        4.85   72.22    8.79   4.301
decoy62_2.pdb         4.00   50.00    9.02   4.946
decoy62_62.pdb        5.90   86.11    8.59   3.656
decoy62_254.pdb       8.83   69.44    9.62   3.226
decoy63_1.pdb         3.81   38.89    9.11   4.516
Average              5.199   76.81    9.01   2.902
Pcorr-to-dcyRMSD       -      0.32   -0.17   0.277
Native-rank-in-top1    -        No      No      No
Native-rank-in-top5    -        No      No      No
Native-Zscore          -    -1.758  -0.539   0.494