>>-------------------- Decoy set detailed informations --------------------<<
ID:        1EI0
Length:   38      Class: Alpha protein

Protein sequence and second structure: (H->helix;E->sheet;C->coil)
DPCQKQAAEIQKCLQANSYLESKCQAVIQELKKCAAQY
CCCHHHHHHHHHHHHHCCCCHHHHHHHHHHHHHHHHHC

EVENNESS:   0.951  npwRMSD:   0.833
RMSD-BIN  >0<  >1<  >2<  >3<  >4<  >5<  >6<  >7<  >8<  >9< >10< >11<  >12 TOTAL
N_Decoy    28   25   30   28   23   26   26   27   24   28   21   14    0   300

Name                  RMSD SEC_PCT R_GYRAT CNT_NUM
1EI0.pdb              0.00   78.95    9.66   4.735
decoy0_1.pdb          0.10   73.68    9.66   4.545
decoy1_5.pdb          0.90   81.58    9.64   4.167
decoy1_8.pdb          0.92   86.84    9.62   4.167
decoy1_9.pdb          0.81   89.47    9.67   4.356
decoy1_10.pdb         0.84   81.58    9.69   4.167
decoy1_13.pdb         0.89   89.47    9.63   4.167
decoy1_15.pdb         0.89   86.84    9.63   4.167
decoy1_16.pdb         0.86   89.47    9.66   3.977
decoy1_26.pdb         0.97   81.58    9.66   4.167
decoy1_30.pdb         0.84   81.58    9.69   4.356
decoy1_31.pdb         0.87   89.47    9.67   4.167
decoy1_35.pdb         0.61   81.58    9.73   4.356
decoy1_39.pdb         0.91   89.47    9.65   4.356
decoy1_40.pdb         0.83   81.58    9.67   4.356
decoy1_46.pdb         0.89   81.58    9.62   4.167
decoy1_47.pdb         0.89   81.58    9.62   3.977
decoy1_3.pdb          0.90   78.95    9.67   4.167
decoy1_11.pdb         0.86   81.58    9.68   4.356
decoy1_25.pdb         0.89   81.58    9.65   4.167
decoy1_6.pdb          0.96   81.58    9.67   4.167
decoy1_7.pdb          0.80   89.47    9.73   4.167
decoy1_18.pdb         0.94   89.47    9.65   3.977
decoy1_21.pdb         0.73   81.58    9.62   4.167
decoy1_27.pdb         0.97   86.84    9.65   4.167
decoy1_38.pdb         0.79   89.47    9.73   4.167
decoy1_1.pdb          0.72   86.84    9.63   4.167
decoy1_14.pdb         0.88   81.58    9.69   3.977
decoy2_1.pdb          0.99   76.32    9.74   4.167
decoy3_6.pdb          1.79   81.58    9.67   2.841
decoy4_56.pdb         3.45   78.95    9.56   3.030
decoy5_25.pdb         1.74   84.21    9.83   3.977
decoy6_2.pdb          1.53   76.32    9.98   3.977
decoy7_5.pdb          1.53   81.58    9.57   5.492
decoy8_7.pdb          1.91   92.11    9.78   2.652
decoy9_55.pdb         3.63   76.32    9.56   3.977
decoy9_176.pdb        9.42   76.32    9.33   3.409
decoy9_178.pdb        9.37   76.32    9.39   3.598
decoy9_183.pdb        9.42   76.32    9.29   3.788
decoy9_179.pdb        9.44   76.32    9.43   3.598
decoy9_185.pdb        9.32   76.32    9.36   3.788
decoy9_186.pdb        9.40   73.68    9.24   4.356
decoy9_177.pdb        9.37   76.32    9.38   3.598
decoy9_181.pdb        9.40   76.32    9.38   3.977
decoy9_182.pdb        9.47   71.05    9.27   4.356
decoy9_184.pdb        9.49   68.42    9.45   3.977
decoy9_187.pdb        9.58   71.05    9.33   3.977
decoy9_180.pdb        9.36   73.68    9.32   3.977
decoy10_8.pdb         1.90   84.21    9.95   2.462
decoy11_12.pdb        1.68   78.95    9.80   2.841
decoy11_112.pdb       3.18   89.47   10.18   1.515
decoy12_58.pdb        3.81   92.11   10.23   2.841
decoy13_4.pdb         1.90   84.21    9.63   3.598
decoy14_1.pdb         1.97   86.84    9.67   4.735
decoy15_3.pdb         2.00   84.21    9.99   3.030
decoy16_50.pdb        1.76   89.47    9.88   3.030
decoy17_7.pdb         2.69   92.11    9.60   3.409
decoy18_13.pdb        1.94   86.84    9.48   3.788
decoy19_25.pdb        1.93   84.21    9.99   3.030
decoy20_7.pdb         1.94   86.84    9.67   3.977
decoy21_23.pdb        1.82   86.84   10.06   2.462
decoy22_12.pdb        2.03   86.84    9.92   2.652
decoy23_19.pdb        2.91   86.84    9.77   1.326
decoy23_237.pdb       6.10   86.84    9.89   0.758
decoy23_213.pdb       6.86   86.84   10.94   0.379
decoy23_214.pdb       6.88   86.84   11.03   0.379
decoy23_215.pdb       6.04   86.84   11.56   0.379
decoy23_278.pdb       7.49   78.95    9.69   1.705
decoy23_294.pdb       7.51   81.58    9.72   1.705
decoy23_317.pdb       8.21   81.58   12.41   0.379
decoy23_325.pdb       8.17   81.58   12.39   0.379
decoy23_312.pdb       8.21   81.58   12.41   0.379
decoy23_305.pdb       8.28   73.68   12.38   0.379
decoy23_310.pdb       8.89   76.32   13.53   0.189
decoy23_320.pdb       8.25   78.95   12.55   0.379
decoy23_321.pdb       8.23   78.95   12.51   0.189
decoy23_322.pdb       8.26   78.95   12.44   0.379
decoy23_323.pdb       8.27   81.58   12.44   0.379
decoy23_331.pdb       8.20   78.95   12.34   0.568
decoy24_1.pdb         1.94   86.84    9.71   3.220
decoy24_154.pdb       5.00   92.11   10.66   2.273
decoy25_76.pdb        3.14   81.58    9.99   1.705
decoy26_69.pdb        2.93   86.84   10.16   3.788
decoy27_33.pdb        2.56   92.11    9.68   3.220
decoy28_4.pdb         1.96   84.21    9.81   2.083
decoy29_52.pdb        3.74   84.21   10.06   0.758
decoy29_202.pdb       6.93   86.84    9.57   0.758
decoy29_232.pdb       6.06   84.21    9.52   2.652
decoy30_22.pdb        1.97   86.84    9.77   2.841
decoy31_3.pdb         1.77   89.47    9.89   3.030
decoy32_13.pdb        2.92   89.47    9.96   1.326
decoy32_75.pdb        4.97   94.74   10.42   1.515
decoy32_86.pdb        4.92   94.74   10.52   1.136
decoy32_95.pdb        4.18   92.11   10.61   1.136
decoy32_119.pdb       5.27   94.74   10.52   1.705
decoy32_120.pdb       5.25   94.74   10.60   1.705
decoy32_121.pdb       5.44   94.74   10.74   1.326
decoy32_132.pdb       5.06   94.74   10.43   1.705
decoy32_173.pdb       6.85   92.11   11.03   1.136
decoy32_190.pdb       6.06   86.84   10.65   1.136
decoy32_170.pdb       6.82   94.74   11.02   1.136
decoy32_172.pdb       6.90   94.74   10.96   0.947
decoy32_177.pdb       6.26   89.47   11.02   0.379
decoy32_183.pdb       6.05   89.47   10.63   0.758
decoy32_169.pdb       6.84   84.21   11.20   0.568
decoy32_171.pdb       6.99   78.95   11.15   0.758
decoy32_184.pdb       6.03   84.21   10.53   0.947
decoy32_228.pdb       7.21   89.47   11.39   0.758
decoy32_221.pdb       7.34   92.11   11.45   0.947
decoy32_239.pdb       7.05   94.74   11.21   0.947
decoy32_219.pdb       7.55   92.11   11.65   0.758
decoy32_222.pdb       7.34   92.11   11.50   0.947
decoy32_223.pdb       7.21   89.47   11.29   0.947
decoy32_224.pdb       7.51   86.84   11.61   0.758
decoy32_226.pdb       7.58   94.74   11.53   0.947
decoy32_233.pdb       7.35   92.11   11.42   0.947
decoy32_235.pdb       7.37   89.47   11.37   0.947
decoy32_243.pdb       7.22   86.84   11.45   0.758
decoy32_251.pdb       7.05   89.47   11.07   0.758
decoy32_242.pdb       7.21   78.95   11.36   0.758
decoy32_248.pdb       7.43   81.58   11.29   1.136
decoy32_265.pdb       7.91   78.95   10.70   1.515
decoy32_220.pdb       7.22   84.21   11.46   0.568
decoy32_227.pdb       7.01   94.74   11.08   1.136
decoy32_229.pdb       7.00   78.95   11.27   0.758
decoy32_230.pdb       7.56   94.74   11.66   0.947
decoy32_234.pdb       7.38   92.11   11.60   0.758
decoy32_236.pdb       7.24   92.11   11.48   0.947
decoy32_237.pdb       7.52   81.58   11.29   1.326
decoy32_276.pdb       8.53   89.47   11.23   3.409
decoy32_279.pdb       8.50   84.21   11.40   2.462
decoy32_281.pdb       8.37   89.47   11.21   2.841
decoy32_271.pdb       8.18   89.47   11.12   2.273
decoy32_275.pdb       8.23   86.84   10.97   3.220
decoy32_290.pdb       8.05   73.68   11.55   2.083
decoy32_286.pdb       8.18   76.32   11.54   2.273
decoy32_312.pdb       9.52   65.79   12.04   0.947
decoy32_313.pdb       9.20   71.05   11.93   1.136
decoy32_315.pdb       9.15   57.89   11.89   1.136
decoy32_331.pdb       9.38   65.79   11.93   2.462
decoy32_335.pdb       9.84   73.68   12.14   1.894
decoy32_340.pdb       9.52   68.42   12.07   2.083
decoy32_343.pdb       9.43   68.42   11.92   2.462
decoy32_319.pdb       9.10   68.42   12.19   0.758
decoy32_323.pdb       9.17   63.16   11.60   3.788
decoy32_358.pdb      10.28   65.79   12.45   1.705
decoy32_361.pdb      10.28   68.42   12.44   3.030
decoy32_365.pdb      10.13   68.42   12.45   1.705
decoy32_347.pdb      10.39   42.11   12.44   2.273
decoy32_364.pdb      10.02   57.89   12.07   2.462
decoy32_350.pdb      10.08   50.00   11.98   3.409
decoy32_355.pdb      10.44   47.37   12.32   3.598
decoy32_357.pdb      10.42   47.37   12.25   3.409
decoy32_360.pdb      10.43   47.37   12.21   3.598
decoy32_367.pdb      10.35   44.74   12.20   3.030
decoy32_354.pdb      10.70   55.26   12.12   3.598
decoy33_7.pdb         1.87   84.21    9.99   1.136
decoy34_13.pdb        2.20   86.84    9.68   2.462
decoy35_28.pdb        1.87   81.58    9.71   2.652
decoy36_9.pdb         1.77   84.21    9.61   6.061
decoy37_58.pdb        3.78   92.11    9.75   2.083
decoy37_96.pdb        4.84   94.74   10.15   2.083
decoy37_97.pdb        4.79   94.74   10.12   2.083
decoy37_108.pdb       4.81   94.74   10.11   2.083
decoy37_164.pdb       5.68   92.11   10.35   1.894
decoy37_165.pdb       5.22   94.74   10.34   1.515
decoy37_173.pdb       5.22   94.74   10.32   1.894
decoy37_182.pdb       5.18   94.74   10.28   1.894
decoy37_183.pdb       5.19   94.74   10.30   1.894
decoy37_189.pdb       5.26   94.74   10.39   1.136
decoy37_199.pdb       6.04   92.11   10.68   1.894
decoy37_196.pdb       6.01   94.74   10.66   1.894
decoy37_200.pdb       6.08   94.74   10.68   1.894
decoy37_202.pdb       6.04   92.11   10.70   1.894
decoy37_230.pdb       7.30   89.47   10.87   1.894
decoy37_256.pdb       8.07   81.58   11.38   1.894
decoy37_244.pdb       8.04   86.84   10.64   3.030
decoy37_246.pdb       8.21   86.84   10.75   2.841
decoy37_250.pdb       8.16   86.84   10.77   2.841
decoy37_254.pdb       8.24   86.84   10.81   3.030
decoy37_253.pdb       8.16   86.84   10.60   3.220
decoy37_266.pdb       9.38   65.79   11.72   3.788
decoy37_267.pdb       9.47   68.42   11.77   3.788
decoy37_269.pdb       9.42   68.42   11.75   3.220
decoy37_270.pdb       9.48   68.42   11.86   2.652
decoy37_276.pdb      10.85   78.95   13.06   1.326
decoy37_278.pdb      10.68   76.32   12.92   1.136
decoy37_283.pdb      10.84   78.95   12.89   1.326
decoy37_285.pdb      10.79   78.95   13.02   1.326
decoy37_280.pdb      11.02   78.95   12.89   1.326
decoy37_284.pdb      10.76   71.05   12.75   1.326
decoy37_271.pdb      10.87   73.68   12.41   3.409
decoy37_274.pdb      10.87   76.32   12.39   3.409
decoy37_279.pdb      11.06   73.68   12.36   3.598
decoy37_275.pdb      11.01   73.68   13.01   1.515
decoy37_281.pdb      10.92   84.21   12.83   1.515
decoy37_282.pdb      11.00   76.32   12.84   1.136
decoy37_272.pdb      10.98   76.32   13.22   1.326
decoy37_273.pdb      10.96   76.32   13.21   1.326
decoy37_288.pdb      11.08   73.68   12.42   2.841
decoy37_291.pdb      11.04   76.32   12.38   3.220
decoy37_296.pdb      11.21   68.42   11.99   3.030
decoy37_287.pdb      11.02   73.68   12.33   3.220
decoy37_292.pdb      11.18   68.42   11.92   3.220
decoy37_294.pdb      11.06   81.58   11.92   3.409
decoy37_289.pdb      11.06   52.63   12.42   2.462
decoy37_290.pdb      11.38   65.79   12.12   2.273
decoy37_293.pdb      11.33   63.16   12.78   1.515
decoy37_295.pdb      11.08   78.95   11.84   2.652
decoy38_26.pdb        2.59   94.74    9.74   3.409
decoy39_100.pdb       3.74   84.21    9.09   3.977
decoy40_15.pdb        2.40   92.11    9.76   4.167
decoy41_21.pdb        3.00   94.74   10.05   2.462
decoy42_9.pdb         2.69   89.47    9.65   3.788
decoy43_36.pdb        2.74   86.84    9.63   2.652
decoy44_43.pdb        1.94   86.84    9.47   3.788
decoy45_3.pdb         2.69   92.11    9.69   3.030
decoy46_10.pdb        2.75   94.74    9.81   3.030
decoy46_52.pdb        3.17   94.74    9.87   3.220
decoy46_53.pdb        3.01   94.74    9.86   3.030
decoy46_54.pdb        3.18   94.74    9.92   3.220
decoy46_56.pdb        3.14   94.74    9.86   3.409
decoy46_70.pdb        2.99   94.74    9.82   3.598
decoy46_87.pdb        3.31   94.74   10.09   1.894
decoy47_1.pdb         2.88   81.58    9.63   5.871
decoy48_11.pdb        2.73   89.47    9.94   1.326
decoy49_7.pdb         2.88   92.11    9.62   3.220
decoy49_107.pdb       3.99   94.74   10.40   1.136
decoy49_125.pdb       4.00   94.74   10.42   1.136
decoy49_132.pdb       4.06   94.74   10.40   1.136
decoy49_104.pdb       4.07   94.74   10.44   0.947
decoy49_126.pdb       4.04   94.74   10.48   0.947
decoy49_127.pdb       4.08   94.74   10.44   1.136
decoy49_136.pdb       4.03   94.74   10.46   1.136
decoy49_137.pdb       3.97   89.47   10.45   1.136
decoy50_25.pdb        2.47   89.47   10.01   3.598
decoy51_3.pdb         1.88   86.84    9.99   1.326
decoy52_5.pdb         2.76   89.47    9.81   1.515
decoy53_18.pdb        2.71   94.74    9.96   2.462
decoy54_21.pdb        2.36   92.11    9.81   2.841
decoy55_2.pdb         3.84   60.53    9.03   4.356
decoy56_1.pdb         2.48   86.84    9.87   3.030
decoy56_76.pdb        4.32   94.74    9.85   3.220
decoy56_92.pdb        4.34   94.74    9.84   3.030
decoy56_96.pdb        4.16   94.74    9.81   3.030
decoy57_2.pdb         2.43   81.58    9.71   3.977
decoy58_30.pdb        2.53   89.47   10.15   2.083
decoy58_114.pdb       4.16   92.11    9.87   1.894
decoy58_141.pdb       4.26   92.11    9.83   1.894
decoy58_142.pdb       4.11   92.11    9.80   2.083
decoy59_12.pdb        4.56   55.26    9.81   1.515
decoy59_249.pdb       9.22   65.79    9.81   3.409
decoy60_1.pdb         1.81   86.84    9.82   2.841
decoy61_29.pdb        3.20   86.84   10.21   0.947
decoy62_1.pdb         3.34   89.47   10.30   0.568
decoy62_202.pdb       9.01   78.95    9.45   1.894
decoy62_208.pdb       9.06   81.58    9.43   3.030
decoy63_1.pdb         2.90   94.74   10.08   1.894
decoy64_56.pdb        3.85   84.21    9.88   0.947
decoy65_1.pdb         2.99   94.74   10.02   1.894
decoy65_109.pdb       4.02   94.74   10.14   1.894
decoy65_107.pdb       4.02   94.74   10.14   2.083
decoy65_108.pdb       3.92   94.74   10.08   2.083
decoy66_42.pdb        2.93   92.11    9.60   3.220
decoy67_9.pdb         3.81   65.79    9.15   5.682
decoy68_16.pdb        3.77   89.47   10.27   1.894
decoy69_11.pdb        2.98   94.74   10.11   1.705
decoy69_204.pdb       6.45   92.11   10.40   1.326
decoy69_205.pdb       6.32   86.84   10.31   1.705
decoy69_203.pdb       6.52   92.11   10.40   1.515
decoy69_209.pdb       6.31   89.47   10.40   1.136
decoy69_280.pdb       7.10   84.21    9.79   1.894
decoy69_290.pdb       7.98   81.58    9.68   3.030
decoy69_291.pdb       8.11   84.21    9.96   2.652
decoy70_22.pdb        2.69   86.84    9.96   2.273
decoy70_105.pdb       4.36   89.47   10.19   1.136
decoy70_112.pdb       4.37   89.47   10.17   1.136
decoy70_151.pdb       5.07   92.11   10.14   1.515
decoy70_155.pdb       5.08   92.11   10.44   0.758
decoy70_203.pdb       6.51   86.84    9.83   1.705
decoy70_205.pdb       6.60   86.84    9.87   1.705
decoy70_216.pdb       6.51   86.84    9.85   1.705
decoy71_58.pdb        3.54   84.21    9.95   1.136
decoy72_1.pdb         3.94   71.05    9.69   1.515
decoy73_59.pdb        3.17   89.47    9.69   3.598
decoy73_153.pdb       5.60   89.47   10.83   1.136
decoy73_154.pdb       5.64   94.74   10.92   1.136
decoy73_155.pdb       5.60   94.74   11.06   0.758
decoy73_166.pdb       5.62   92.11   10.91   1.136
decoy73_159.pdb       5.59   94.74   11.01   0.758
decoy73_164.pdb       5.55   86.84   10.87   1.136
decoy73_167.pdb       5.55   92.11   10.89   1.136
decoy73_170.pdb       5.55   92.11   10.78   1.136
decoy73_172.pdb       5.56   94.74   10.85   1.136
decoy73_177.pdb       5.50   94.74   10.86   1.136
decoy73_180.pdb       5.44   94.74   10.94   0.758
decoy74_34.pdb        3.99   89.47   10.18   0.379
decoy74_128.pdb       5.32   92.11   10.69   1.515
decoy74_160.pdb       5.18   92.11   10.62   1.705
decoy75_32.pdb        3.12   73.68    9.70   2.652
decoy76_11.pdb        1.98   89.47    9.74   3.030
Average              5.636   83.85   10.61   2.325
Pcorr-to-dcyRMSD       -     -0.52    0.75  -0.322
Native-rank-in-top1    -        No      No      No
Native-rank-in-top5    -        No      No      No
Native-Zscore          -    -0.470  -0.909   1.893