>>-------------------- Decoy set detailed informations --------------------<<
ID:        1FME
Length:   28      Class: Alpha protein

Protein sequence and second structure: (H->helix;E->sheet;C->coil)
EQYTAKYKGRTFRNEKELRDFIEKFKGR
CCCCEECCCCEECCHHHHHHHHHHHCCC

EVENNESS:   0.926  npwRMSD:   0.845
RMSD-BIN  >0<  >1<  >2<  >3<  >4<  >5<  >6<  >7<  >8<  >9< >10< >11<  >12 TOTAL
N_Decoy    22   23   29   28   28   28   26   27   27   30   26    6    0   300

Name                  RMSD SEC_PCT R_GYRAT CNT_NUM
1FME.pdb              0.00   53.57    9.07   5.138
decoy0_1.pdb          0.09   57.14    9.06   5.138
decoy1_17.pdb         0.95   60.71    8.97   7.510
decoy1_5.pdb          0.81   53.57    9.22   5.534
decoy1_6.pdb          0.76   60.71    9.20   5.534
decoy1_11.pdb         0.47   53.57    9.04   5.929
decoy1_12.pdb         0.53   50.00    9.02   5.929
decoy1_13.pdb         0.66   53.57    8.93   7.115
decoy1_14.pdb         0.92   60.71    8.96   7.510
decoy1_15.pdb         0.50   60.71    9.01   5.929
decoy1_16.pdb         0.51   60.71    9.01   5.534
decoy1_18.pdb         0.92   57.14    9.01   5.929
decoy1_20.pdb         0.94   60.71    8.96   5.534
decoy1_21.pdb         0.97   60.71    8.98   7.115
decoy1_1.pdb          0.63   53.57    9.18   5.534
decoy1_2.pdb          0.65   53.57    9.25   5.138
decoy1_3.pdb          0.74   53.57    9.15   5.534
decoy1_4.pdb          0.68   60.71    9.21   5.138
decoy1_7.pdb          0.79   60.71    9.16   5.534
decoy1_8.pdb          0.75   60.71    9.15   5.534
decoy1_9.pdb          0.87   57.14    9.13   5.929
decoy1_10.pdb         0.91   57.14    9.14   5.534
decoy1_19.pdb         0.73   60.71    9.10   5.138
decoy1_63.pdb         1.91   75.00    8.95   5.929
decoy1_66.pdb         1.86   75.00    8.95   6.324
decoy1_59.pdb         2.02   64.29    9.08   6.719
decoy1_26.pdb         1.86   75.00    8.60   7.510
decoy1_33.pdb         1.92   60.71    8.60   7.510
decoy1_34.pdb         1.91   64.29    8.57   7.905
decoy1_54.pdb         1.64   67.86    8.97   6.324
decoy1_55.pdb         1.55   67.86    8.97   5.929
decoy1_67.pdb         1.91   67.86    8.99   4.743
decoy2_57.pdb         3.76   78.57    8.15   7.115
decoy2_170.pdb        5.44   64.29    8.34   9.486
decoy3_52.pdb         3.41   75.00    8.27  10.277
decoy4_3.pdb          2.77   82.14    8.35   9.486
decoy5_73.pdb         3.98   57.14    8.24   9.881
decoy5_352.pdb       10.21   42.86    9.30   4.348
decoy5_355.pdb       10.01   53.57    9.11   2.767
decoy6_1.pdb          2.78   75.00    8.13  10.277
decoy6_334.pdb        9.01   67.86    8.09   7.905
decoy6_344.pdb        9.28   60.71    8.46   3.557
decoy6_332.pdb        9.16   75.00    8.19   5.929
decoy6_329.pdb        9.17   57.14    8.88   4.348
decoy6_335.pdb        9.88   53.57    9.16   4.743
decoy6_340.pdb        9.73   53.57    9.12   5.138
decoy6_347.pdb        9.06   50.00    7.97   7.510
decoy6_354.pdb       10.11   53.57    9.10   6.719
decoy6_356.pdb        9.99   53.57    9.00   4.743
decoy7_19.pdb         3.47   67.86    8.01   9.881
decoy7_205.pdb        7.74   75.00    8.48   5.534
decoy8_1.pdb          1.90   60.71    8.95   5.534
decoy8_371.pdb       10.80   46.43    8.89   7.510
decoy8_372.pdb       10.41   50.00    8.41  12.253
decoy8_373.pdb       10.35   46.43    8.34  10.277
decoy8_374.pdb       10.67   53.57    9.43   9.881
decoy8_375.pdb       10.55   46.43    8.88   7.510
decoy8_376.pdb       10.66   50.00    8.53   9.881
decoy8_383.pdb       10.60   46.43    8.73   7.115
decoy8_386.pdb       10.79   46.43    9.46  11.067
decoy9_41.pdb         3.61   67.86    8.27   9.486
decoy9_164.pdb        5.11   67.86    8.77   5.138
decoy9_219.pdb       10.76   53.57    9.59  10.277
decoy9_228.pdb       11.23   53.57    9.86  10.672
decoy10_18.pdb        4.93   60.71    8.02  11.858
decoy10_72.pdb        5.67   50.00    8.76   8.300
decoy10_291.pdb       9.02   57.14   10.32   7.115
decoy11_5.pdb         2.77   50.00    8.14   8.300
decoy11_170.pdb       5.40   67.86    9.36   7.510
decoy12_5.pdb         2.66   60.71    8.44   6.719
decoy13_55.pdb        3.79   64.29    7.94  11.067
decoy13_350.pdb      11.10   53.57    9.49  11.462
decoy13_344.pdb      11.25   53.57    9.60  14.229
decoy13_345.pdb      10.96   53.57    9.50  11.462
decoy13_348.pdb      10.94   53.57    9.48  10.672
decoy13_343.pdb      11.17   42.86    9.58  11.067
decoy13_346.pdb      11.12   39.29    9.49  11.462
decoy13_347.pdb      11.01   39.29    9.42  11.858
decoy14_80.pdb        4.98   71.43    8.59   7.115
decoy14_285.pdb       9.84   42.86    9.16  10.672
decoy15_108.pdb       4.88   67.86    8.36   5.929
decoy16_27.pdb        2.96   53.57    8.51   8.300
decoy16_201.pdb       6.77   71.43    7.99   4.348
decoy16_270.pdb       7.57   64.29    8.08   4.743
decoy17_20.pdb        2.83   75.00    8.24   8.300
decoy17_264.pdb       7.75   67.86    8.62   2.372
decoy17_275.pdb       7.24   67.86    8.16   5.534
decoy17_288.pdb       8.05   53.57    8.16   4.348
decoy18_35.pdb        2.62   60.71    8.00   9.881
decoy18_249.pdb       9.98   50.00    9.44  10.672
decoy19_51.pdb        3.51   67.86    9.23   6.324
decoy19_171.pdb       5.03   71.43    7.97   8.696
decoy20_1.pdb         1.81   53.57    9.35   6.324
decoy20_10.pdb        1.89   67.86    9.12   6.719
decoy20_6.pdb         1.81   75.00    9.26   6.324
decoy20_16.pdb        2.00   67.86    9.16   6.719
decoy20_21.pdb        1.95   67.86    9.09   6.719
decoy20_32.pdb        2.01   67.86    9.20   6.324
decoy20_34.pdb        1.98   60.71    9.20   6.324
decoy20_36.pdb        1.96   75.00    9.10   6.719
decoy20_2.pdb         1.93   75.00    8.99   5.138
decoy21_5.pdb         2.65   60.71    8.71   7.510
decoy21_151.pdb       5.71   75.00    9.15   5.138
decoy21_174.pdb       5.27   75.00    8.55   9.091
decoy21_267.pdb       7.04   64.29    8.19   3.953
decoy21_305.pdb       8.35   46.43    8.32   4.348
decoy21_307.pdb       8.73   60.71    8.83   4.348
decoy22_44.pdb        3.76   60.71    8.12  11.462
decoy22_153.pdb       5.53   64.29    7.79   4.743
decoy22_203.pdb       6.79   67.86    8.68   2.372
decoy23_70.pdb        3.57   67.86    8.21  10.672
decoy23_124.pdb       4.41   75.00    8.34   9.091
decoy23_143.pdb       4.63   75.00    8.17   9.881
decoy23_215.pdb       6.50   67.86    8.24   3.162
decoy24_7.pdb         2.49   67.86    8.95   4.743
decoy25_12.pdb        3.64   75.00    8.63   6.719
decoy25_61.pdb        4.04   67.86    8.30   8.696
decoy25_75.pdb        4.02   67.86    8.41   8.696
decoy26_9.pdb         1.96   67.86    8.88   5.534
decoy26_23.pdb        1.95   67.86    8.91   5.138
decoy27_49.pdb        3.08   42.86    8.08   9.091
decoy28_2.pdb         2.84   64.29    8.36  10.277
decoy29_88.pdb        3.38   78.57    8.59   8.300
decoy29_274.pdb       7.52   78.57    8.00   2.372
decoy29_281.pdb       7.59   75.00    7.94   2.767
decoy29_262.pdb       7.67   78.57    8.12   3.162
decoy30_105.pdb       4.51   57.14    8.73  10.277
decoy31_5.pdb         2.75   60.71    8.90   6.719
decoy31_120.pdb       4.33   67.86    8.30   8.696
decoy31_102.pdb       4.34   67.86    8.33   7.905
decoy31_180.pdb       5.22   60.71    7.95   7.510
decoy31_309.pdb       9.09   57.14    8.76   1.976
decoy32_38.pdb        1.89   67.86    8.71   6.719
decoy33_56.pdb        4.33   60.71    8.46   9.486
decoy34_1.pdb         2.01   75.00    8.72   6.719
decoy34_141.pdb       4.46   60.71    8.17   6.719
decoy35_36.pdb        2.95   71.43    8.85   7.115
decoy35_151.pdb       5.69   75.00    9.66   9.091
decoy35_154.pdb       5.74   75.00    9.71   9.091
decoy35_155.pdb       5.87   57.14    9.57   8.300
decoy35_179.pdb       5.96   71.43    9.87   9.091
decoy36_4.pdb         3.51   57.14    8.88   5.534
decoy36_152.pdb       6.83   75.00    8.51   3.162
decoy36_155.pdb       6.24   71.43    8.47   4.743
decoy36_162.pdb       6.99   71.43    8.49   5.138
decoy36_204.pdb       7.73   78.57    8.46   4.743
decoy36_208.pdb       7.52   67.86    8.58   5.929
decoy36_271.pdb       8.12   67.86    8.39   4.348
decoy36_251.pdb       8.23   60.71    8.25   4.743
decoy36_303.pdb       9.02   64.29    8.42   3.557
decoy37_29.pdb        3.76   60.71    8.80   9.091
decoy37_160.pdb       6.98   75.00    7.70   8.300
decoy37_162.pdb       6.91   64.29    8.24   3.557
decoy37_173.pdb       6.71   60.71    7.96   5.534
decoy37_233.pdb       7.98   64.29    8.75   2.372
decoy37_257.pdb       8.18   71.43    8.54   3.953
decoy37_264.pdb       8.10   46.43    8.57   3.557
decoy37_269.pdb       8.19   64.29    8.60   2.767
decoy37_277.pdb       8.13   67.86    8.48   4.743
decoy37_300.pdb       8.16   60.71    8.54   3.557
decoy37_268.pdb       8.02   71.43    8.98   2.372
decoy37_293.pdb       8.14   71.43    8.63   2.372
decoy37_298.pdb       8.05   71.43    8.92   2.372
decoy37_303.pdb       9.90   57.14    8.96   4.348
decoy37_308.pdb       9.47   57.14    9.00   2.767
decoy37_314.pdb      10.26   57.14    9.13   5.138
decoy37_312.pdb      10.59   50.00    9.11   5.138
decoy38_23.pdb        3.06   75.00    8.13   9.486
decoy38_201.pdb       6.96   67.86    8.72   5.534
decoy38_214.pdb       6.32   71.43    9.20   1.976
decoy38_215.pdb       6.14   78.57    8.76   2.767
decoy39_144.pdb       4.28   67.86    8.47   7.510
decoy40_13.pdb        2.46   60.71    9.00   6.324
decoy41_31.pdb        2.84   67.86    8.42   7.905
decoy42_45.pdb        3.91   78.57    8.41   9.091
decoy43_6.pdb         2.74   78.57    8.88   8.696
decoy44_36.pdb        2.86   78.57    8.88   6.719
decoy45_75.pdb        3.74   71.43    8.17   7.115
decoy46_59.pdb        4.30   75.00    7.90   9.486
decoy46_263.pdb       9.28   50.00    9.26   5.929
decoy46_269.pdb       9.15   50.00    9.27   5.138
decoy46_285.pdb       9.62   57.14    9.07   2.767
decoy46_297.pdb      10.09   53.57    9.28   7.905
decoy47_56.pdb        3.63   75.00    8.91   6.719
decoy48_6.pdb         3.60   75.00    9.14   6.324
decoy49_1.pdb         1.99   53.57    8.90   6.719
decoy50_4.pdb         1.96   71.43    8.99   5.534
decoy51_21.pdb        2.59   60.71    8.92   6.324
decoy52_2.pdb         3.00   67.86    8.90   6.719
decoy52_108.pdb       4.28   53.57    7.78   9.486
decoy53_126.pdb       4.85   32.14    8.19   3.557
decoy54_124.pdb       4.21   71.43    8.38   8.300
decoy54_131.pdb       4.39   67.86    8.37   8.696
decoy55_11.pdb        4.00   53.57    8.87   8.300
decoy55_254.pdb       8.20   71.43   10.78   9.486
decoy55_268.pdb       8.53   67.86   10.97   7.510
decoy55_270.pdb       8.18   71.43   10.65   9.486
decoy55_282.pdb       8.54   75.00   10.63   9.486
decoy55_286.pdb       9.91   57.14    9.21   5.138
decoy55_287.pdb       9.11   50.00    9.45   4.348
decoy55_293.pdb       9.57   50.00    9.19   4.743
decoy55_312.pdb       9.49   53.57    9.09   6.719
decoy55_315.pdb       9.09   50.00    9.49   3.953
decoy55_338.pdb       9.97   57.14    9.12   6.324
decoy55_339.pdb      10.11   57.14    9.00   6.324
decoy55_343.pdb      10.13   50.00    8.91   7.905
decoy55_348.pdb      10.10   57.14    8.96   7.510
decoy55_349.pdb      10.01   50.00    8.89   7.905
decoy55_340.pdb      10.17   53.57    9.03   6.324
decoy55_342.pdb      10.20   46.43    8.86   8.300
decoy55_344.pdb      10.19   46.43    9.01   4.348
decoy55_346.pdb      10.09   46.43    8.98   5.929
decoy56_17.pdb        3.50   64.29    7.82   5.534
decoy56_204.pdb       7.23   85.71    8.22   2.372
decoy56_209.pdb       7.35   75.00    8.20   2.372
decoy56_221.pdb       7.35   78.57    7.99   3.953
decoy56_205.pdb       7.28   82.14    8.30   2.372
decoy56_207.pdb       7.33   75.00    8.14   3.162
decoy56_210.pdb       7.47   78.57    8.26   2.767
decoy56_211.pdb       7.37   75.00    8.09   3.162
decoy56_219.pdb       7.34   75.00    8.07   3.162
decoy56_220.pdb       7.35   71.43    8.16   3.162
decoy56_242.pdb       7.44   71.43    8.11   3.162
decoy56_252.pdb       8.17   64.29    8.26   5.138
decoy56_254.pdb       8.00   67.86    8.18   5.138
decoy56_256.pdb       8.36   64.29    8.03   7.115
decoy56_251.pdb       8.04   67.86    8.32   5.138
decoy57_32.pdb        2.77   60.71    8.58   9.486
decoy58_6.pdb         1.98   39.29    9.47   5.138
decoy59_143.pdb       4.39   60.71    8.50   6.324
decoy60_6.pdb         3.81   67.86    7.99   5.138
decoy60_81.pdb        5.97   75.00    8.10   2.767
decoy60_83.pdb        5.58   75.00    8.16   2.767
decoy60_84.pdb        5.54   64.29    8.28   2.767
decoy60_105.pdb       5.46   67.86    7.85   5.534
decoy60_109.pdb       5.76   64.29    7.84   5.138
decoy60_118.pdb       5.69   67.86    7.82   4.348
decoy60_120.pdb       5.67   67.86    7.87   4.743
decoy60_126.pdb       5.41   64.29    7.86   5.534
decoy60_152.pdb       6.54   78.57    8.36   0.791
decoy60_165.pdb       6.40   75.00    8.19   2.767
decoy60_180.pdb       6.44   71.43    8.23   2.372
decoy60_132.pdb       6.85   89.29    8.31   3.953
decoy60_133.pdb       6.86   85.71    8.33   3.953
decoy60_135.pdb       6.84   82.14    8.42   3.953
decoy60_138.pdb       6.12   60.71    8.05   2.372
decoy60_164.pdb       6.61   75.00    8.25   1.976
decoy60_131.pdb       6.09   64.29    8.23   1.976
decoy60_163.pdb       6.59   75.00    8.44   1.186
decoy60_166.pdb       6.82   71.43    8.59   1.581
decoy60_168.pdb       6.83   71.43    8.56   1.581
decoy60_179.pdb       6.35   85.71    8.20   2.372
decoy60_185.pdb       7.58   78.57    8.28   3.953
decoy60_217.pdb       7.72   57.14    8.59   1.186
decoy60_223.pdb       7.23   71.43    8.60   1.581
decoy60_224.pdb       7.36   71.43    8.40   2.372
decoy60_234.pdb       8.10   67.86    8.02   5.138
decoy61_24.pdb        3.06   71.43    8.52  11.067
decoy62_23.pdb        3.53   64.29    8.32   8.696
decoy63_4.pdb         2.76   64.29    8.37   8.696
decoy64_3.pdb         4.64   50.00    8.06   7.905
decoy64_124.pdb       7.58   89.29    7.77   5.534
decoy64_120.pdb       7.74   78.57    7.84   4.743
decoy64_182.pdb       8.16   78.57    7.72   5.138
decoy64_188.pdb       8.16   75.00    7.68   5.138
decoy64_183.pdb       8.21   78.57    7.78   4.743
decoy64_184.pdb       8.17   78.57    7.75   5.534
decoy64_209.pdb       8.18   78.57    7.70   5.138
decoy64_220.pdb       9.21   57.14    8.23   4.348
decoy64_232.pdb       9.07   57.14    8.26   3.953
decoy65_77.pdb        4.15   75.00    8.25  10.672
decoy66_46.pdb        2.61   64.29    8.47   8.300
decoy66_160.pdb       5.14   60.71    8.91   8.300
decoy66_165.pdb       5.64   53.57    8.55   9.486
decoy66_179.pdb       5.50   71.43    8.39  11.067
decoy66_186.pdb       5.81   82.14    8.36  11.067
decoy67_49.pdb        2.57   67.86    9.65   5.929
decoy68_18.pdb        4.61   39.29    8.39   8.300
decoy69_85.pdb        3.46   64.29    8.59   1.186
decoy69_281.pdb       9.18   42.86    8.62   5.138
decoy70_27.pdb        2.87   67.86    8.99   6.719
decoy70_162.pdb       5.81   71.43    9.31   1.581
decoy70_193.pdb       5.80   42.86    8.30   3.953
decoy70_208.pdb       6.34   71.43    9.73   1.186
decoy71_18.pdb        2.47   67.86    8.75   6.719
decoy72_35.pdb        2.90   67.86    8.33  10.672
decoy73_53.pdb        4.27   57.14    9.24   6.719
decoy73_273.pdb       9.05   42.86    8.07   7.905
decoy73_275.pdb       9.06   42.86    8.10   8.696
decoy73_285.pdb       9.01   57.14    8.13   9.091
decoy73_337.pdb      10.33   50.00    9.39   8.300
decoy74_67.pdb        3.17   67.86    8.50   7.510
decoy75_2.pdb         1.94   64.29    8.43   7.510
decoy75_199.pdb       5.60   57.14    9.09   8.696
decoy76_62.pdb        4.46   42.86    9.21   8.300
decoy77_5.pdb         2.42   75.00    8.96   6.719
decoy77_125.pdb       4.40   71.43    8.28   9.486
decoy77_126.pdb       4.41   64.29    8.36  10.672
decoy77_149.pdb       4.40   71.43    8.26  10.277
decoy78_35.pdb        3.85   60.71    8.79   6.719
decoy79_57.pdb        3.45   60.71    8.52   8.696
Average              5.759   63.92    8.67   6.347
Pcorr-to-dcyRMSD       -     -0.23    0.05  -0.101
Native-rank-in-top1    -        No      No      No
Native-rank-in-top5    -        No      No      No
Native-Zscore          -    -0.980   0.713  -0.459