decoy                                  RMSD         CONTACT      R_GYRATION       AB_ENERGY           ANGLE            BOND           DIHED             EEL           EELEC             EGB           ESURF              NB         VDWAALS
decoy13_122_A_AMBER_minimized.pdb     8.0900    -39.0000000      46.3936640      -0.1325340   10122.1640000      86.1883000     492.2656000    1018.4200000   -1919.3703000    -916.4061000      29.2406000     158.7045000    -117.3939000 
decoy9_6_A_AMBER_minimized.pdb        4.3600    -52.0000000      37.2245377      -0.1495481   10142.7675000     139.1143000     502.0953000    1022.3243000   -1928.2470000    -892.7979000      30.3495000     156.3569000    -115.0979000 
decoy59_157_A_AMBER_minimized.pdb     9.3600    -31.0000000      49.0453160      -0.1461176   10151.5213000     123.6002000     582.3294000    1042.8955000   -2027.9366000    -808.6016000      30.2575000     159.7713000    -115.3390000 
decoy4_27_A_AMBER_minimized.pdb       6.2800    -51.0000000      28.9208637      -0.1520087   10114.0255000     107.1369000     510.8803000    1007.3669000   -1849.8481000    -931.8591000      28.8904000     164.8265000    -123.8566000 
decoy34_3_A_AMBER_minimized.pdb       8.0700    -14.0000000      54.9207974      -2.1582557 30516726.5143000  767658.6064000    2053.7307000    -266.7054000    -731.6441000   -1742.7004000      37.0844000 1136504.7517000 1829225.9726000 
decoy50_9_A_AMBER_minimized.pdb       7.9000    -31.0000000      27.5764794      -0.1076704   10130.3510000      56.9104000     535.7097000    1016.0740000   -1954.3981000    -875.3430000      27.3092000     153.2312000    -142.4027000 
decoy11_21_A_AMBER_minimized.pdb      4.5200    -46.0000000      36.3355751      -0.1171519   10107.6401000      64.2476000     485.4733000    1035.0960000   -1690.4300000   -1124.9095000      30.3328000     161.5511000    -136.5582000 
decoy45_65_A_AMBER_minimized.pdb     11.4000    -29.0000000      14.1026217      -0.1676800   10156.8150000     148.9180000     599.4561000     978.1181000   -1770.5715000    -955.7108000      27.9234000     169.9223000     -38.8274000 
decoy5_100_A_AMBER_minimized.pdb      6.4200    -40.0000000      14.0717279      -0.1850528   10132.7055000     129.4488000     482.9982000    1016.0270000   -1923.0701000    -881.5392000      29.4493000     158.9880000    -116.0480000 
decoy18_1_A_AMBER_minimized.pdb       8.0200    -46.0000000      29.4901059      -0.1305923   10120.3633000     124.1409000     560.0552000    1062.2611000   -1896.3874000    -999.4755000      33.0818000     150.2802000    -126.0902000 
decoy27_1_A_AMBER_minimized.pdb       5.4500    -36.0000000      17.9506864      -0.0934399   10126.5886000     122.5349000     536.3804000     982.4287000   -1863.5178000    -901.9026000      32.1320000     166.6841000    -113.8477000 
decoy7_21_A_AMBER_minimized.pdb       6.2600    -40.0000000      25.8208336      -0.1586873   10116.3434000     128.9681000     544.4193000    1034.7433000   -2027.3840000    -826.5565000      30.8184000     161.0634000     -87.3997000 
decoy24_74_A_AMBER_minimized.pdb      4.3100    -45.0000000      20.6996597      -0.1144903   10110.0033000      85.5954000     546.4954000    1009.9034000   -1921.5185000    -893.3634000      31.2509000     150.1812000    -119.5827000 
decoy23_69_A_AMBER_minimized.pdb      6.2800    -40.0000000      43.7806025      -0.1459120   10143.9004000     131.4897000     562.0782000    1019.0031000   -1975.2160000    -828.7913000      30.7930000     172.5791000    -156.5216000 
decoy16_6_A_AMBER_minimized.pdb       3.8000    -49.0000000      34.1853264      -0.1278317   10108.6871000      66.5210000     563.4837000    1037.1132000   -1960.8557000    -860.2095000      30.1902000     153.0881000    -167.8423000 
decoy1_21_A_AMBER_minimized.pdb       2.5400    -49.0000000      10.3706737      -0.1483232   10110.2622000      97.2046000     495.3403000    1023.5196000   -1805.5032000   -1001.3042000      31.3384000     164.5330000    -125.8310000 
decoy1_6_A_AMBER_minimized.pdb        1.6000    -55.0000000      12.0005438      -0.1227386   10119.2280000     123.4119000     535.7337000     994.1528000   -1889.6218000    -923.3490000      30.0332000     152.9194000    -127.5634000 
decoy1_5_A_AMBER_minimized.pdb        1.7800    -49.0000000      11.9654970      -0.1219761   10229.2486000     223.1701000     584.7118000     981.0771000   -1828.4186000    -963.0915000      32.4238000     144.7414000    -145.5487000 
decoy69_12_A_AMBER_minimized.pdb      5.6900    -20.0000000      14.7505004      -0.1590876   10111.5171000      88.8941000     538.7346000    1006.7109000   -1764.8009000    -978.4686000      34.2535000     176.7110000     -85.0386000 
decoy21_30_A_AMBER_minimized.pdb      6.9800    -25.0000000      82.9027741      -0.1200466   10112.1942000      82.0185000     555.4390000    1012.2166000   -1810.1084000    -994.2124000      34.7167000     159.1874000     -88.6546000 
decoy49_128_A_AMBER_minimized.pdb    10.8500    -19.0000000      29.4757405      -0.1058261   10133.6461000     128.3092000     533.7999000    1019.0102000   -1869.4800000    -913.6319000      31.1465000     172.8223000     -85.9766000 
decoy54_206_A_AMBER_minimized.pdb    11.9500    -27.0000000      15.0374918      -0.1467275   10117.2900000     106.6248000     487.6193000    1024.6948000   -1939.4173000    -888.8958000      33.7695000     169.5351000     -91.4250000 
decoy69_1_A_AMBER_minimized.pdb       4.8100    -20.0000000      14.7269752      -0.1003377   10103.2878000      55.2720000     523.4289000    1022.3053000   -1875.4175000    -921.2950000      35.7624000     171.6544000    -119.0537000 
decoy68_116_A_AMBER_minimized.pdb     9.0300    -32.0000000      31.3026953      -0.1454955   10119.3754000     123.6422000     492.1869000     988.8236000   -1888.2569000    -925.0585000      30.6386000     150.9625000    -103.3357000 
decoy24_155_A_AMBER_minimized.pdb     8.4900    -34.0000000      39.1526388      -0.1354169   10110.8406000      50.5723000     525.4422000    1025.0276000   -1807.9415000    -971.8080000      29.5649000     159.5248000    -174.7607000 
decoy61_82_A_AMBER_minimized.pdb      6.9800    -29.0000000      20.8286962      -0.1374517   10112.9100000      86.1303000     507.9986000    1054.1454000   -1944.1243000    -896.8271000      28.9341000     173.4074000     -90.1883000 
decoy19_6_A_AMBER_minimized.pdb       4.8400    -39.0000000      38.9504220      -0.0998321   10112.7503000     129.3943000     491.3774000     993.0368000   -1883.2804000    -873.2475000      29.5967000     157.2342000     -71.3867000 
decoy18_136_A_AMBER_minimized.pdb    10.3800    -19.0000000       4.9031884      -0.0983886   10134.7555000      91.8599000     554.8942000     998.7058000   -1924.9780000    -850.8813000      27.8212000     160.0500000    -126.8271000 
decoy59_83_A_AMBER_minimized.pdb      7.2800    -44.0000000      13.3088679      -0.1434735   10112.9124000     139.4390000     530.6203000    1012.2937000   -1824.4900000    -981.7355000      28.0888000     161.9498000     -90.6567000 
decoy67_14_A_AMBER_minimized.pdb      6.8400    -24.0000000      24.4999502      -0.1056757   10120.4289000     103.5145000     524.8742000     996.6460000   -1830.0243000    -892.3188000      29.0617000     182.7980000    -123.9056000 
decoy23_200_A_AMBER_minimized.pdb     9.5800    -28.0000000      28.4840415      -0.1039945   10113.8065000     100.7384000     504.6616000     975.3187000   -1696.9112000   -1052.3200000      30.1034000     155.9216000    -110.1145000 
decoy32_57_A_AMBER_minimized.pdb      7.6200    -49.0000000      41.8069044      -0.1527786   10132.6839000     107.1431000     510.5479000    1045.3613000   -2000.6585000    -867.2005000      30.9990000     157.2282000    -104.7181000 
decoy1_10_A_AMBER_minimized.pdb       1.4000    -47.0000000      10.6323418      -0.1387717   10112.2072000      79.6129000     520.1689000    1007.5891000   -1924.6667000    -875.8880000      31.8013000     155.8059000    -125.8144000 
decoy4_8_A_AMBER_minimized.pdb        5.9000    -45.0000000      27.8617982      -0.1068225   10107.1120000      81.1197000     558.6852000    1025.1977000   -1864.6048000    -967.2823000      32.1363000     153.1903000    -120.3574000 
decoy34_144_A_AMBER_minimized.pdb    10.6100    -30.0000000      62.2358639      -0.1399062   10150.7967000     131.9684000     541.3748000    1009.8573000   -1622.1392000   -1126.7290000      32.6634000     168.1544000     -55.7066000 
decoy54_201_A_AMBER_minimized.pdb    11.8300    -27.0000000      14.6813436      -0.1642238   10111.0607000      77.7933000     530.5817000    1000.0097000   -1831.3567000    -946.2554000      33.6276000     159.0316000    -153.8841000 
decoy54_202_A_AMBER_minimized.pdb    11.9000    -29.0000000      14.8449758      -0.1740124   10118.6427000      64.9390000     494.1954000    1021.7627000   -1960.8913000    -851.8832000      32.4951000     165.9506000    -130.4666000 
decoy37_5_A_AMBER_minimized.pdb       7.8200    -31.0000000      27.5377016      -0.1454637   10113.9123000      98.9748000     538.2293000    1059.8272000   -2061.2436000    -790.0560000      29.8545000     169.6908000    -104.4831000 
decoy68_1_A_AMBER_minimized.pdb       5.6300    -19.0000000      48.7313038      -0.1182536   10112.6140000      74.1247000     507.2648000    1011.0315000   -1911.2061000    -901.9667000      34.1659000     168.1539000     -95.4585000 
decoy17_140_A_AMBER_minimized.pdb     9.7700    -36.0000000      18.9884143      -0.1566997   10234.0996000     163.8315000     544.7580000    1005.3534000   -1813.8243000    -958.4421000      28.8674000     180.6362000    -129.5905000 
decoy17_92_A_AMBER_minimized.pdb      9.9900    -18.0000000      56.4883550      -0.2032742   10116.3785000      61.7678000     565.9556000    1026.3588000   -1987.1699000    -862.8451000      30.2906000     161.6513000    -144.9933000 
decoy5_7_A_AMBER_minimized.pdb        3.4800    -47.0000000      22.3778827      -0.1485442   10115.9075000     115.6343000     465.4540000    1000.9044000   -1843.3569000    -954.6932000      31.8635000     158.4265000    -148.2171000 
decoy22_73_A_AMBER_minimized.pdb      5.7800    -42.0000000      54.1249579      -0.1692005   10113.1403000      86.1444000     525.1823000    1023.1209000   -1959.9209000    -855.9548000      32.2227000     165.9490000    -136.9249000 
decoy61_6_A_AMBER_minimized.pdb       7.0700    -29.0000000      23.2659233      -0.1248572   10130.7375000      93.4242000     484.3209000    1042.6927000   -1440.9312000   -1322.2664000      32.0349000     172.4084000    -130.6795000 
decoy45_64_A_AMBER_minimized.pdb     11.5200    -24.0000000      12.5429636      -0.1369652   10128.0015000     115.5997000     568.8510000    1042.0298000   -1854.8123000    -938.7198000      29.6114000     169.5331000     -72.8355000 
decoy10_87_A_AMBER_minimized.pdb      5.9300    -46.0000000      32.3229730      -0.1943988   10122.9424000      92.2033000     508.3947000    1038.4124000   -2018.7651000    -814.0757000      30.3472000     170.2557000     -60.8299000 
decoy17_160_A_AMBER_minimized.pdb    10.2400    -37.0000000      21.8893057      -0.1328638   10114.4342000      77.3953000     558.4960000    1010.9446000   -1766.7524000   -1028.0208000      30.6448000     155.7930000    -129.8202000 
decoy1_4_A_AMBER_minimized.pdb        1.3900    -51.0000000      12.1301246      -0.1242890   10118.4269000      69.0029000     517.1107000     986.2422000   -1951.3336000    -854.8364000      29.6116000     158.7944000    -135.9414000 
decoy65_91_A_AMBER_minimized.pdb      8.7000    -18.0000000      20.9658678      -0.2104500   10124.2278000      86.5739000     484.7223000    1016.8945000   -1904.3304000    -894.2457000      27.1303000     164.7908000    -146.6302000 
decoy40_1_A_AMBER_minimized.pdb       4.6400    -19.0000000      21.7000948      -0.0912270   10128.0856000     106.2510000     510.3310000    1020.3020000   -1884.7657000    -905.9175000      33.9482000     183.8880000     -95.0447000 
decoy10_13_A_AMBER_minimized.pdb      3.9600    -44.0000000      29.6369629      -0.1301797   10123.3329000      94.0399000     547.2583000     987.5226000   -1741.1207000   -1036.6936000      31.3743000     141.7428000    -142.2997000 
decoy54_147_A_AMBER_minimized.pdb     9.1000    -18.0000000      31.6843772      -0.2114255   10129.0406000     149.0316000     558.2630000    1017.1887000   -1857.3115000    -929.3387000      28.9239000     167.9619000    -106.4661000 
decoy66_106_A_AMBER_minimized.pdb     8.4600    -23.0000000      51.9989028      -0.1330184   10131.7246000     114.2048000     560.9142000    1067.2094000   -1838.0499000   -1022.5809000      30.6978000     177.3532000    -108.9857000 
decoy25_40_A_AMBER_minimized.pdb      4.7300    -52.0000000      26.4364370      -0.1452075   10114.7568000     123.6544000     534.1248000     990.5655000   -1986.7114000    -821.5423000      32.6324000     153.8165000    -108.5494000 
decoy4_44_A_AMBER_minimized.pdb       6.6600    -51.0000000      26.6856128      -0.1316085   10151.9600000     210.6814000     493.6354000    1014.6472000   -1937.9078000    -837.4376000      27.2373000     165.1256000     -80.0341000 
decoy33_136_A_AMBER_minimized.pdb     6.0200    -47.0000000      32.7897034      -0.1377553   10104.8727000      56.4810000     493.4694000    1008.5691000   -1843.6474000    -936.6069000      31.8237000     164.9889000    -165.5539000 
decoy58_58_A_AMBER_minimized.pdb      8.2800    -33.0000000      44.3026046      -0.1211194   10124.5903000      99.0071000     506.5849000     998.3428000   -1819.9250000    -949.3133000      32.2591000     172.1335000    -145.4324000 
decoy17_14_A_AMBER_minimized.pdb      6.1400    -27.0000000      27.4335765      -0.1743546   10109.4617000     157.3669000     525.4956000     965.3954000   -1789.8440000    -945.4027000      30.6410000     163.1657000     -56.8032000 
decoy24_11_A_AMBER_minimized.pdb      3.6300    -49.0000000      20.2365591      -0.1554429   10187.7898000     156.9113000     516.6835000     977.6985000   -1803.6353000    -942.3553000      28.0694000     167.1796000    -159.4468000 
decoy55_154_A_AMBER_minimized.pdb    10.4000    -17.0000000      44.9858805      -0.1005801   10143.8577000     164.3586000     534.3631000    1009.6170000   -1948.8997000    -832.9641000      29.8629000     176.7947000     -48.9738000 
decoy2_14_A_AMBER_minimized.pdb       5.8400    -39.0000000      49.7741438      -0.1522716   10106.6471000      50.8315000     512.4587000     990.3762000   -1994.1782000    -802.0136000      28.5289000     154.6118000    -177.8052000 
decoy25_11_A_AMBER_minimized.pdb      3.8100    -49.0000000      23.6813724      -0.1592014   10113.6396000      83.4102000     532.0848000    1023.7005000   -2041.0767000    -799.4982000      31.5546000     151.3664000    -120.6261000 
decoy1_16_A_AMBER_minimized.pdb       2.6400    -51.0000000      10.1544960      -0.1443263   10115.8481000      88.3987000     515.3392000     984.7894000   -1848.7426000    -933.6790000      32.1936000     157.0697000    -132.8012000 
decoy59_48_A_AMBER_minimized.pdb      6.8200    -43.0000000      34.1665513      -0.1144062   10115.3710000      54.4233000     517.3816000    1016.5959000   -1775.0029000    -991.6751000      32.3383000     165.7209000    -144.9496000 
decoy26_133_A_AMBER_minimized.pdb     9.9900    -23.0000000      55.9181401      -0.1102065   10116.1139000      96.0001000     489.6287000    1011.2365000   -1916.3537000    -886.0111000      29.1243000     169.8868000    -118.0398000 
decoy34_129_A_AMBER_minimized.pdb    10.7000    -30.0000000      66.5362209      -0.1083754   10116.2337000      62.5137000     479.0360000    1051.0035000   -1688.3064000   -1111.3249000      33.4186000     170.4967000    -113.7652000 
decoy29_4_A_AMBER_minimized.pdb       5.8200    -31.0000000      26.8068398      -0.1241392   10111.3984000     112.0650000     492.3919000    1027.8319000   -1744.4591000   -1052.3671000      31.8977000     174.5155000     -90.4631000 
decoy1_18_A_AMBER_minimized.pdb       2.2100    -50.0000000      10.4348696      -0.1276318   10113.2125000      92.1437000     501.2823000     984.8544000   -1732.7640000   -1012.6470000      30.5323000     165.5266000    -149.7299000 
decoy16_28_A_AMBER_minimized.pdb      4.8900    -53.0000000      22.3835045      -0.1679822   10109.2745000      50.8951000     482.0129000    1064.7990000   -1913.5008000    -952.7612000      31.1015000     155.4459000    -181.5858000 
decoy19_19_A_AMBER_minimized.pdb      5.5300    -49.0000000      28.4893400      -0.1080137   10111.5172000      78.2206000     518.4368000     975.6631000   -1665.5411000   -1059.4931000      28.1557000     160.7070000    -166.4471000 
decoy21_92_A_AMBER_minimized.pdb      8.5000    -35.0000000      24.3002219      -0.1515629   10114.6016000      91.4970000     547.8654000    1049.3559000   -1780.9903000   -1060.9152000      32.6143000     153.0654000    -116.7296000 
decoy24_14_A_AMBER_minimized.pdb      3.9600    -48.0000000      21.3558143      -0.1278598   10105.7475000      58.4290000     470.8838000    1017.4624000   -1980.9790000    -860.2879000      30.3588000     148.8805000    -151.4852000 
decoy24_4_A_AMBER_minimized.pdb       2.7500    -45.0000000      25.1418366      -0.1665380   10104.5093000      62.8675000     526.6223000    1051.1773000   -2025.2409000    -818.1066000      31.8485000     158.4563000    -170.2048000 
decoy59_138_A_AMBER_minimized.pdb     8.5800    -33.0000000      43.8230242      -0.1591772   10127.0631000     132.6760000     529.5562000    1025.1975000   -2023.1739000    -812.3168000      30.1380000     157.5514000     -51.0647000 
decoy58_36_A_AMBER_minimized.pdb      8.0000    -37.0000000      40.7892705      -0.1093824   10109.2112000      93.1053000     493.4863000    1033.8976000   -1927.4150000    -900.6732000      30.8647000     161.4081000    -107.4538000 
decoy41_139_A_AMBER_minimized.pdb    10.5400    -30.0000000      14.3081117      -0.0857040   10121.1010000      62.3173000     522.2462000    1035.4066000   -1951.5463000    -887.9737000      31.3407000     159.4697000     -82.6601000 
decoy36_163_A_AMBER_minimized.pdb    11.0000    -17.0000000      23.7120599      -0.1856319   10153.5199000     129.7131000     530.4316000     998.4903000   -1881.2972000    -898.5453000      28.2957000     162.5589000    -125.6889000 
decoy33_147_A_AMBER_minimized.pdb     7.1800    -49.0000000      33.0349126      -0.1212239   10119.7909000      88.0598000     498.1833000    1014.0827000   -1897.3219000    -908.7639000      31.7907000     173.3424000     -99.9426000 
decoy54_198_A_AMBER_minimized.pdb    11.8900    -28.0000000      15.2390340      -0.1531970   10102.8871000      57.4347000     496.7187000    1017.5758000   -1786.1191000   -1014.2469000      34.4404000     166.2712000    -149.5797000 
decoy59_105_A_AMBER_minimized.pdb     8.6800    -32.0000000      43.9252722      -0.1408572   10127.2222000     125.8438000     574.3618000    1042.6475000   -2003.9781000    -814.3413000      30.3858000     153.0129000     -96.6178000 
decoy7_8_A_AMBER_minimized.pdb        5.7700    -44.0000000      28.8544089      -0.1697577   10142.4408000     193.3127000     524.4063000     995.3580000   -1915.1076000    -898.5580000      30.6908000     154.9161000     -87.4897000 
decoy4_1_A_AMBER_minimized.pdb        4.9600    -45.0000000      38.9448195      -0.1315286   10116.2027000     100.4661000     511.4602000     974.8967000   -1848.8688000    -877.7991000      31.7261000     161.3182000    -110.3880000 
decoy34_70_A_AMBER_minimized.pdb      9.6100    -36.0000000      43.3113060      -0.1740108   10121.8842000     102.1266000     499.5287000    1019.6256000   -1846.0940000    -944.3768000      27.0637000     182.9064000     -86.9975000 
decoy69_218_A_AMBER_minimized.pdb    10.0600    -33.0000000      31.7319325      -0.1514089   10141.6359000     137.0705000     630.7773000    1024.0986000   -1961.9721000    -847.9785000      29.2495000     162.2583000     -78.7080000 
decoy58_19_A_AMBER_minimized.pdb      7.8300    -40.0000000      33.6620050      -0.1562866   10126.2551000     121.2005000     498.1915000    1039.4545000   -1876.6146000    -962.8305000      33.5152000     161.5716000    -102.0578000 
decoy54_173_A_AMBER_minimized.pdb     8.9500    -17.0000000      19.7688393      -0.1556171   10115.7670000      78.5065000     515.4330000    1066.9274000   -1868.9365000    -981.7107000      29.5632000     162.5977000    -137.0556000 
decoy65_11_A_AMBER_minimized.pdb      7.8600    -27.0000000      28.0369094      -0.1260034   10156.0694000     127.9118000     590.8705000    1010.8222000   -1677.8133000   -1101.5276000      27.7650000     172.1013000       1.6841000 
decoy18_148_A_AMBER_minimized.pdb    10.2900    -22.0000000       6.0143205      -0.1061861   10121.4636000     111.2212000     515.6501000    1007.4491000   -1861.6305000    -935.1149000      29.5778000     161.6266000    -127.8350000 
decoy4_156_A_AMBER_minimized.pdb      8.1100    -44.0000000      16.4407979      -0.1269199   10125.4118000      99.7587000     531.3271000     999.8307000   -1887.8906000    -918.8701000      28.2153000     160.7675000    -103.7842000 
decoy15_29_A_AMBER_minimized.pdb      5.3400    -49.0000000      36.2859571      -0.1467472   10127.5546000      79.6555000     478.5346000    1002.7869000   -1680.2931000   -1099.5382000      28.9513000     167.7798000    -126.7624000 
decoy18_98_A_AMBER_minimized.pdb      9.3500    -40.0000000      18.7813366      -0.1723782   10105.0720000      84.5014000     526.0523000    1000.1652000   -1698.8822000   -1086.0597000      28.9596000     163.8047000     -95.9311000 
decoy24_86_A_AMBER_minimized.pdb      5.3600    -50.0000000      16.2490372      -0.1832670   10120.3385000      56.6929000     532.9432000    1025.7499000   -1902.2290000    -900.7217000      27.7705000     155.6655000    -166.5925000 
decoy50_151_A_AMBER_minimized.pdb    10.0300    -26.0000000      14.1569628      -0.0921244   10121.3362000     127.5592000     546.5174000     997.1031000   -1941.9670000    -850.0709000      28.9948000     177.3426000     -21.7114000 
decoy6_46_A_AMBER_minimized.pdb       7.6700    -42.0000000      35.0519260      -0.1253790   10115.9684000      95.8161000     493.1341000    1051.1901000   -1940.3685000    -903.2304000      32.2038000     174.6119000     -64.9899000 
decoy23_1_A_AMBER_minimized.pdb       4.5800    -41.0000000      36.7403205      -0.1154630   10119.0311000     114.0755000     562.6009000     999.6847000   -1861.7405000    -918.8882000      33.1825000     163.4954000     -93.9531000 
decoy26_110_A_AMBER_minimized.pdb     9.8800    -22.0000000      55.6896270      -0.1274957   10109.2898000      69.3792000     493.5881000    1006.3464000   -1837.5153000    -947.6748000      29.9302000     171.4519000    -163.2873000 
decoy22_68_A_AMBER_minimized.pdb      5.1700    -44.0000000      50.2106102      -0.1781137   10146.6155000     105.9489000     549.4069000    1023.4554000   -1846.7611000    -968.9134000      31.7975000     178.9730000    -116.1531000 
decoy23_7_A_AMBER_minimized.pdb       5.3600    -38.0000000      50.3370028      -0.1268895   10117.4152000      87.6011000     464.3750000    1039.2634000   -1940.9656000    -895.1633000      32.1432000     175.3111000    -105.0892000 
decoy24_2_A_AMBER_minimized.pdb       2.4300    -49.0000000      20.4791549      -0.1315054   10117.3037000      84.0868000     487.0973000     978.3809000   -1854.5511000    -903.2314000      31.5379000     153.7498000    -128.8362000 
decoy17_25_A_AMBER_minimized.pdb      7.7600    -22.0000000      41.4362601      -0.1269193   10120.6856000      95.9007000     488.1369000    1037.1295000   -1885.7103000    -931.6734000      28.5601000     167.2211000    -100.2470000 
decoy60_151_A_AMBER_minimized.pdb    10.3800    -20.0000000      22.0156026      -0.1472471   10130.4167000      96.5887000     547.8477000    1002.1735000   -1894.4774000    -862.9540000      27.6176000     174.1106000     -80.3444000 
decoy13_143_A_AMBER_minimized.pdb     9.0400    -47.0000000      45.0159610      -0.1191947   10114.3658000     110.8830000     518.5367000    1020.6279000   -1927.0146000    -904.4080000      31.1778000     158.5967000    -135.2270000 
decoy54_204_A_AMBER_minimized.pdb    11.6900    -30.0000000      16.3592111      -0.1550430   10129.9360000     112.8867000     522.4453000    1017.6746000   -1850.8359000    -967.7154000      34.3783000     168.1121000    -117.5056000 
decoy22_12_A_AMBER_minimized.pdb      3.7500    -48.0000000      70.2764414      -0.1576949   10115.4334000      79.2234000     473.4287000    1009.5248000   -1877.4472000    -935.0016000      33.4370000     167.4282000    -109.0929000 
decoy32_118_A_AMBER_minimized.pdb     8.9800    -39.0000000      25.9146291      -0.1533273   10110.6029000      91.3169000     518.3824000    1078.9927000   -1910.3055000    -974.4002000      28.5001000     168.1052000     -91.8921000 
decoy5_2_A_AMBER_minimized.pdb        2.8800    -46.0000000      25.9109866      -0.1555548   10118.4539000      95.0736000     491.5598000    1034.3188000   -1777.6156000   -1042.2961000      31.4156000     163.8634000    -149.6327000 
decoy5_1_A_AMBER_minimized.pdb        2.6600    -48.0000000      24.9540157      -0.1781718   10113.8808000     112.6734000     532.6867000    1002.9496000   -1918.0004000    -885.8624000      31.2109000     150.8360000    -166.7756000 
decoy69_202_A_AMBER_minimized.pdb     9.0800    -23.0000000      28.2730035      -0.1618720   10105.7825000      62.6365000     524.3101000    1052.2437000   -1975.0135000    -854.4720000      29.8738000     170.5502000    -115.5788000 
decoy58_3_A_AMBER_minimized.pdb       6.6900    -39.0000000      28.3916949      -0.1092934   10120.4480000     101.8762000     527.9855000    1051.8251000   -1827.6373000    -999.9360000      30.8892000     164.0890000     -88.0063000 
decoy7_3_A_AMBER_minimized.pdb        4.9800    -48.0000000      22.0785172      -0.1794706   10118.3988000     114.3593000     529.1664000     996.6612000   -1860.2886000    -919.1811000      30.6151000     163.1886000    -112.9854000 
decoy15_31_A_AMBER_minimized.pdb      7.0100    -44.0000000      53.0622810      -0.1565835   10107.0494000      47.8700000     514.9544000     999.4527000   -1854.0305000    -944.6514000      31.7393000     157.7964000    -163.7522000 
decoy58_96_A_AMBER_minimized.pdb      8.4600    -34.0000000      35.7292589      -0.1185828   10110.5266000      92.8676000     511.0563000    1010.1997000   -1989.3048000    -848.1602000      32.6630000     166.7669000    -105.9409000 
decoy1_19_A_AMBER_minimized.pdb       2.4000    -50.0000000      10.6009842      -0.1413464   10139.4817000     153.5991000     518.2902000     983.1014000   -1872.0255000    -911.2479000      31.4598000     162.2908000     -38.5306000 
decoy67_147_A_AMBER_minimized.pdb     9.9600    -22.0000000      23.3874358      -0.1333570   10122.3085000     106.2822000     499.1301000     996.2225000   -1974.7606000    -789.3658000      31.1884000     156.4404000    -126.7335000 
decoy26_5_A_AMBER_minimized.pdb       6.8100    -39.0000000      48.9241652      -0.0894873   10114.1270000      98.3839000     478.5256000    1048.3458000   -1654.0758000   -1158.2364000      30.5401000     158.1882000     -98.1665000 
decoy66_140_A_AMBER_minimized.pdb    10.1000    -28.0000000      39.1138341      -0.1250909   10112.5027000      68.5707000     480.2612000    1012.7782000   -1977.9268000    -819.5719000      28.1634000     168.9041000     -93.2958000 
decoy24_31_A_AMBER_minimized.pdb      3.3800    -42.0000000      20.0988270      -0.1279598   10120.8779000      82.9954000     546.1952000    1002.3020000   -1834.9595000    -945.0836000      32.4708000     145.2223000    -129.3905000 
decoy29_124_A_AMBER_minimized.pdb     9.9800    -29.0000000      36.5028982      -0.0814323   10107.1768000      61.5676000     531.9880000    1028.0086000   -1908.9687000    -883.5281000      33.4611000     177.2241000    -118.1360000 
decoy61_164_A_AMBER_minimized.pdb     9.3600    -24.0000000      20.1639952      -0.1604739   10139.1309000     124.5391000     499.3861000    1012.9747000   -1825.8616000    -967.7351000      30.2255000     170.2533000     -71.9914000 
decoy58_105_A_AMBER_minimized.pdb     9.3000    -39.0000000      28.4419885      -0.0862290   10115.2262000      98.0658000     523.5754000     969.3712000   -1845.0310000    -917.8062000      31.7067000     158.2716000    -105.3350000 
decoy46_1_A_AMBER_minimized.pdb       4.1000    -31.0000000      22.6319471      -0.0788787   10120.4129000     110.9787000     566.9359000    1025.6385000   -1954.7282000    -860.4352000      33.1986000     156.5480000    -114.5380000 
decoy40_73_A_AMBER_minimized.pdb      7.2900    -23.0000000      31.5249996      -0.1422178   10123.9709000     145.0238000     546.3213000    1005.7594000   -1879.4365000    -919.6029000      30.2453000     158.2082000     -62.2258000 
decoy54_213_A_AMBER_minimized.pdb    11.9800    -27.0000000      15.1825151      -0.1459608   10117.0341000     111.9843000     496.1340000    1008.5486000   -1936.3920000    -856.9052000      33.1181000     158.6360000    -117.5622000 
decoy21_51_A_AMBER_minimized.pdb      7.9200    -38.0000000      13.4938042      -0.0868166   10107.7186000      78.4963000     529.8352000     998.3213000   -1760.9986000   -1005.6615000      28.6519000     156.2928000    -139.1618000 
decoy27_137_A_AMBER_minimized.pdb     9.9900    -28.0000000      57.8431108      -0.0831777   10115.9361000      71.9790000     495.7251000    1015.0627000   -1788.7549000    -971.3688000      26.2408000     159.5111000    -123.9713000 
decoy5_3_A_AMBER_minimized.pdb        2.9000    -47.0000000      26.7518962      -0.1536899   10114.9075000      78.0079000     509.2099000    1040.9723000   -1935.2400000    -904.0790000      29.9754000     174.3541000    -135.7197000 
decoy16_3_A_AMBER_minimized.pdb       2.4300    -53.0000000      32.6702521      -0.1215834   10119.2574000      65.2939000     494.8959000    1035.3507000   -1940.4455000    -879.9582000      30.2149000     159.1830000    -141.1532000 
decoy22_1_A_AMBER_minimized.pdb       2.9600    -43.0000000      69.5936372      -0.1432849   10116.4277000      94.2956000     522.2621000    1030.4806000   -1985.1630000    -860.7910000      33.2241000     163.1828000    -142.1422000 
decoy69_75_A_AMBER_minimized.pdb      7.2000    -47.0000000      52.4874199      -0.1792133   10118.1347000      85.4006000     551.5097000    1059.6371000   -1891.9614000    -958.6058000      29.3597000     161.7061000    -106.5757000 
decoy50_118_A_AMBER_minimized.pdb     9.2800    -11.0000000      28.2873102      -0.1191348   10182.1866000     150.7810000     570.6168000    1016.3005000   -1984.4737000    -842.8003000      28.4280000     154.0845000    -100.8979000 
decoy16_18_A_AMBER_minimized.pdb      3.8600    -48.0000000      28.3190872      -0.1565978   10110.4656000      74.0197000     531.2929000     994.8493000   -1922.2694000    -864.7641000      31.2752000     156.5844000    -153.8660000 
decoy66_112_A_AMBER_minimized.pdb     9.8100    -24.0000000      43.7214226      -0.1268987   10115.7563000     111.6502000     558.7411000    1009.7189000   -1936.3310000    -870.0898000      26.4332000     155.4042000    -128.0273000 
decoy16_2_A_AMBER_minimized.pdb       2.4200    -51.0000000      33.5201054      -0.1360476   10117.7405000     117.4056000     531.5816000    1007.9969000   -2039.8314000    -807.4986000      31.0922000     145.1715000    -142.4169000 
decoy15_75_A_AMBER_minimized.pdb      7.9100    -47.0000000      45.9518780      -0.1381391   10132.0917000      89.5229000     483.0422000    1055.8050000   -1829.4717000   -1035.7757000      28.7785000     177.5202000    -132.3026000 
decoy50_109_A_AMBER_minimized.pdb     9.3900    -20.0000000      29.3213153      -0.1621652   10119.6721000     104.1956000     537.0995000    1014.0128000   -1903.6045000    -907.5456000      29.2553000     162.8805000    -104.5313000 
decoy54_210_A_AMBER_minimized.pdb    11.0200    -23.0000000     100.8085320      -0.1029132   10120.0393000      86.3009000     545.3253000    1010.6463000   -1655.0991000   -1143.6422000      37.7928000     166.8002000    -126.8850000 
decoy25_21_A_AMBER_minimized.pdb      3.9200    -14.0000000      54.9207974      -2.1582557 30516726.5143000  767658.6064000    2053.7307000    -266.7054000    -731.6441000   -1742.7004000      37.0844000 1136504.7517000 1829225.9726000 
decoy10_1_A_AMBER_minimized.pdb       4.0400    -46.0000000      29.8650942      -0.1360797   10115.4412000      66.1145000     498.6801000     994.8389000   -1913.6088000    -871.2418000      32.5423000     160.6043000    -136.0756000 
decoy1_30_A_AMBER_minimized.pdb       3.3900    -46.0000000      11.5672621      -0.1182011   10114.8609000      94.1828000     535.8249000    1023.7326000   -1877.4713000    -936.3198000      34.7135000     160.6512000    -156.8501000 
decoy33_101_A_AMBER_minimized.pdb     7.0600    -49.0000000      33.6021317      -0.1312025   10124.0103000      77.9358000     499.1189000    1053.1277000   -1808.8814000   -1027.4310000      31.6539000     184.1408000     -88.3823000 
decoy24_23_A_AMBER_minimized.pdb      3.7700    -49.0000000      21.6349267      -0.1330336   10122.9517000     104.8409000     498.7197000    1000.2908000   -1851.3578000    -935.1219000      30.6798000     167.2431000    -105.9875000 
decoy54_208_A_AMBER_minimized.pdb    11.8600    -28.0000000      15.1687633      -0.1645749   10162.3976000     184.1239000     550.4112000    1007.6953000   -1849.1857000    -954.9580000      33.3853000     163.2721000    -144.6233000 
decoy7_38_A_AMBER_minimized.pdb       8.0800    -28.0000000      47.1157811      -0.0930989   10124.4152000     133.2556000     530.1181000    1024.7470000   -1943.9961000    -892.3596000      32.0214000     160.1726000     -88.3436000 
decoy39_67_A_AMBER_minimized.pdb      8.5200    -23.0000000      47.9138818      -0.1154938   10104.2406000      73.5677000     537.5262000    1042.6212000   -1894.2172000    -938.4325000      29.4050000     155.2666000    -167.2775000 
decoy29_133_A_AMBER_minimized.pdb    10.3200    -23.0000000      18.4319140      -0.1082768   10126.5397000     121.6560000     527.0663000    1015.2397000   -1866.2751000    -920.7416000      29.8014000     157.1093000     -62.6403000 
decoy66_9_A_AMBER_minimized.pdb       6.5700    -22.0000000      38.8971923      -0.0978733   10138.8892000     100.4100000     550.2698000    1025.4032000   -1922.5330000    -895.5318000      34.3356000     143.8068000    -131.1575000 
decoy18_72_A_AMBER_minimized.pdb      8.4400    -26.0000000       4.0150643      -0.1717841   10110.1770000      87.6801000     518.0618000     999.9119000   -1885.2338000    -949.3966000      29.2630000     165.4775000    -135.4711000 
decoy65_1_A_AMBER_minimized.pdb       6.9900    -34.0000000      20.9559976      -0.1240960   10117.0557000      90.7350000     537.3517000    1015.4132000   -1836.0168000   -1010.5983000      32.1238000     162.9330000    -107.2247000 
decoy67_1_A_AMBER_minimized.pdb       5.1500    -22.0000000      30.2981917      -0.1134486   10119.5577000     127.8260000     525.6234000    1014.5394000   -1805.1368000    -997.8223000      36.4492000     159.8900000    -100.5541000 
decoy1_11_A_AMBER_minimized.pdb       1.6200    -51.0000000      11.5289252      -0.1395428   10123.6086000     111.6661000     540.7590000     994.8766000   -2024.4073000    -764.2224000      31.7618000     164.7875000     -98.1784000 
decoy34_14_A_AMBER_minimized.pdb      8.8900    -36.0000000      51.1060642      -0.1684591   10127.2646000     131.5110000     510.3567000    1026.6404000   -1814.8501000    -967.1283000      26.9872000     174.9089000     -86.7511000 
decoy68_78_A_AMBER_minimized.pdb      8.9100    -36.0000000      30.0023385      -0.1473848   10115.1679000     149.8103000     510.0935000    1004.4893000   -1962.1765000    -899.0720000      30.6080000     156.5403000     -89.9506000 
decoy24_38_A_AMBER_minimized.pdb      4.3000    -47.0000000      21.8558271      -0.1530062   10110.2350000      92.5063000     545.3684000    1028.8727000   -1907.8630000    -907.3069000      28.2942000     158.4270000    -162.2736000 
decoy65_8_A_AMBER_minimized.pdb       7.7200    -38.0000000      32.4683364      -0.1153742   10104.4830000      60.0517000     489.8660000    1009.8602000   -1719.8713000   -1068.1221000      30.0188000     167.7602000    -152.7491000 
decoy25_16_A_AMBER_minimized.pdb      3.2900    -49.0000000      20.8425019      -0.1533240   10135.8846000      76.6275000     539.9760000    1016.8930000   -1888.9266000    -933.9611000      32.2681000     152.3391000    -144.7622000 
decoy9_1_A_AMBER_minimized.pdb        3.6800    -50.0000000      39.8621711      -0.1451524   10107.9466000      76.5640000     484.4496000    1024.7719000   -1843.7739000    -946.6666000      30.7725000     171.1739000    -115.2284000 
decoy24_96_A_AMBER_minimized.pdb      5.2200    -46.0000000      25.0365587      -0.1428623   10106.4162000      53.3980000     506.9430000    1026.9025000   -1917.4512000    -906.1190000      30.7513000     164.8736000    -162.5379000 
decoy25_8_A_AMBER_minimized.pdb       3.2900    -51.0000000      19.1086470      -0.1322847   10119.5155000      94.2336000     488.6830000     986.2543000   -1925.4504000    -873.5781000      33.4907000     164.7824000    -103.4415000 
decoy61_8_A_AMBER_minimized.pdb       6.9400    -32.0000000      21.2330572      -0.1370145   10115.0806000      99.2144000     515.3762000    1005.8802000   -1453.1804000   -1283.0783000      31.2547000     165.5672000     -86.6462000 
decoy0_1_A_AMBER_minimized.pdb        0.2300    -60.0000000      10.7654062      -0.1271503   10140.3252000     106.4215000     531.1345000     984.6816000   -1863.7364000    -922.2771000      30.7621000     150.6265000    -155.7894000 
decoy15_1_A_AMBER_minimized.pdb       2.5600    -38.0000000      48.6430783      -0.1174881   10118.8331000     107.9310000     542.9045000    1016.5124000   -1941.6316000    -868.5567000      30.3607000     156.8021000    -118.0821000 
decoy13_10_A_AMBER_minimized.pdb      6.8600    -42.0000000      40.7004855      -0.1410774   10109.6403000      59.2526000     543.0669000    1029.4155000   -1961.1113000    -865.9705000      29.2000000     152.1566000    -154.3571000 
decoy1_17_A_AMBER_minimized.pdb       2.1800    -46.0000000      12.0789853      -0.1249114   10123.3678000     107.8430000     567.0569000     972.8629000   -1850.9297000    -913.1807000      32.9327000     149.7461000    -104.1898000 
decoy33_78_A_AMBER_minimized.pdb      5.1000    -50.0000000      30.1019077      -0.1149974   10105.6325000      51.0686000     475.4177000    1009.3714000   -1646.0084000   -1112.4499000      30.0891000     159.2436000    -131.8669000 
decoy11_173_A_AMBER_minimized.pdb    10.4400    -29.0000000      30.6755891      -0.0855102   10110.6761000      58.3025000     504.1060000    1050.3100000   -1824.3507000   -1041.1098000      34.5428000     164.7920000    -147.8877000 
decoy66_26_A_AMBER_minimized.pdb      7.3700    -17.0000000      37.7783740      -0.1456219   10128.9956000      81.2822000     503.9427000    1042.8875000   -1848.0274000    -946.4986000      32.6724000     162.9246000     -79.1630000 
decoy10_76_A_AMBER_minimized.pdb      5.8200    -44.0000000      24.5371012      -0.1825883   10115.0783000     117.5218000     563.3716000    1006.9818000   -1808.5499000    -963.5972000      26.7978000     158.1733000    -108.8290000 
decoy43_5_A_AMBER_minimized.pdb       4.5800    -31.0000000      50.6575313      -0.1606185   10201.5346000     307.2075000     561.8263000    1004.1871000   -1826.2075000    -929.5328000      30.8823000     151.8528000       7.9974000 
decoy24_135_A_AMBER_minimized.pdb     5.1500    -50.0000000      21.5095047      -0.1345766   10120.5786000     120.4534000     477.9545000    1026.2075000   -1965.3967000    -858.3369000      28.5522000     169.2316000    -128.6430000 
decoy1_15_A_AMBER_minimized.pdb       2.9300    -52.0000000      10.2012545      -0.1468719   10123.3519000      71.1044000     523.9090000     987.0451000   -1789.3921000    -989.1475000      33.6586000     153.4094000    -122.8490000 
decoy54_205_A_AMBER_minimized.pdb    11.8100    -27.0000000      14.6917155      -0.1689315   10151.3910000      85.5817000     496.7142000    1009.1770000   -1821.3753000    -969.0275000      30.8285000     170.2621000    -127.0998000 
decoy14_2_A_AMBER_minimized.pdb       4.9200    -46.0000000      28.0108337      -0.1446134   10119.2633000     182.2521000     500.7353000    1001.9312000   -1918.3004000    -904.4586000      32.0718000     161.6372000     -89.0258000 
decoy1_23_A_AMBER_minimized.pdb       2.6500    -47.0000000      11.3385337      -0.1507124   10114.9904000     110.7841000     496.2655000    1004.1255000   -1972.0761000    -810.0074000      27.8078000     167.6371000    -139.4506000 
decoy1_1_A_AMBER_minimized.pdb        1.3700    -50.0000000      11.5529862      -0.1474905   10166.2926000     208.7220000     586.6814000     999.4505000   -1912.4012000    -878.8608000      30.0614000     168.3289000     -31.3139000 
decoy36_162_A_AMBER_minimized.pdb    11.3000    -19.0000000      24.3976504      -0.1697754   10132.6591000      96.2671000     510.6814000    1010.8045000   -1900.9468000    -914.3644000      29.9350000     155.1867000    -140.9937000 
decoy23_34_A_AMBER_minimized.pdb      6.8400    -44.0000000      54.0047768      -0.1384255   10110.8565000     103.4956000     547.0958000    1013.8980000   -1849.9632000    -964.2694000      30.8619000     152.8378000    -119.1688000 
decoy21_24_A_AMBER_minimized.pdb      5.8900    -33.0000000      36.2396030      -0.1038659   10127.5803000     127.9489000     494.9680000     998.2084000   -1854.7594000    -901.0770000      30.9153000     155.3175000     -49.9985000 
decoy18_116_A_AMBER_minimized.pdb    10.4500    -23.0000000       4.8838116      -0.1124315   10108.1146000      78.3137000     580.1670000    1039.1835000   -1940.2078000    -888.6814000      27.0660000     155.8982000    -133.4140000 
decoy54_203_A_AMBER_minimized.pdb    11.9800    -28.0000000      15.1168348      -0.1582737   10114.5845000      86.5440000     511.0633000     986.6487000   -1880.2577000    -901.1338000      33.7939000     152.0863000    -111.4123000 
1I6C_A_AMBER_minimized.pdb            0.0000    -63.0000000      10.7155646      -0.1471906   10121.7056000     168.4039000     545.3398000     956.0032000   -2070.2257000    -702.5473000      29.9617000     120.5816000    -181.1259000 
decoy54_209_A_AMBER_minimized.pdb    11.9100    -27.0000000      15.9099287      -0.1567655   10115.3607000     134.4218000     516.0158000    1048.4357000   -1862.1935000    -957.7773000      32.9918000     176.2493000     -88.1642000 
decoy9_22_A_AMBER_minimized.pdb       5.6000    -47.0000000      41.4370346      -0.1659475   10110.8404000      56.9602000     517.0102000    1019.7678000   -1841.9672000    -988.3511000      33.3115000     152.9674000    -140.8686000 
decoy65_93_A_AMBER_minimized.pdb      8.5700    -22.0000000      22.1934231      -0.2058981   10108.7857000      89.0135000     501.1443000    1054.0196000   -1827.2406000    -984.0436000      28.8569000     174.8362000    -107.1334000 
decoy33_30_A_AMBER_minimized.pdb      4.9700    -49.0000000      32.5482401      -0.1364052   10106.3276000      66.7932000     481.9301000     980.5602000   -1754.7663000    -995.1384000      29.4504000     156.4021000    -166.2330000 
decoy65_52_A_AMBER_minimized.pdb      8.6200    -34.0000000       6.7722802      -0.1588365   10161.4300000     137.4409000     578.1002000     989.4552000   -1750.9929000   -1023.6938000      31.9217000     163.4257000     -66.4725000 
decoy68_130_A_AMBER_minimized.pdb     9.9800    -12.0000000      36.2110139      -0.1404942   10114.1703000      93.9525000     548.0215000    1029.4613000   -1904.9341000    -885.6353000      28.2722000     153.0754000    -103.6239000 
decoy25_10_A_AMBER_minimized.pdb      3.9700    -51.0000000      26.3052871      -0.1701240   10111.6964000      75.0593000     520.0770000    1032.3389000   -1970.1136000    -869.0132000      32.4546000     164.7797000    -118.4074000 
decoy1_2_A_AMBER_minimized.pdb        1.4100    -53.0000000      12.2495662      -0.1344517   10129.3015000     149.6227000     546.0265000    1014.5705000   -1858.8300000    -959.0987000      31.7260000     151.8648000    -124.4773000 
decoy40_26_A_AMBER_minimized.pdb      6.5900    -26.0000000      31.9827089      -0.1538223   10110.2991000      93.2859000     517.4608000     996.6394000   -1689.2321000   -1067.9581000      30.7925000     166.8549000     -86.0552000 
decoy13_96_A_AMBER_minimized.pdb      8.0900    -37.0000000      71.2110222      -0.1520361   10110.2145000      54.3085000     549.5112000    1008.4715000   -1956.2967000    -875.5128000      29.1900000     159.4310000    -125.6427000 
decoy13_51_A_AMBER_minimized.pdb      7.9600    -43.0000000      50.3150184      -0.1557434   10115.7549000     107.7175000     491.0986000    1009.3797000   -1881.5209000    -947.5391000      28.0104000     147.7666000    -138.2558000 
decoy68_15_A_AMBER_minimized.pdb      7.9100    -28.0000000      66.9439190      -0.1216170   10113.5466000      88.3653000     489.7322000    1016.2396000   -1991.0910000    -802.3308000      30.0192000     176.9648000    -121.3457000 
decoy65_126_A_AMBER_minimized.pdb    10.2800    -32.0000000      55.4748168      -0.1434447   10133.7760000     224.5392000     594.3430000     951.8298000   -1536.0014000   -1171.5707000      33.7507000     155.3053000     -47.9986000 
decoy37_112_A_AMBER_minimized.pdb    10.0900    -25.0000000      18.5666044      -0.0727026   10155.5972000     121.9529000     540.4699000     998.0238000   -1965.5237000    -842.8399000      33.6497000     170.4354000     -49.8872000 
decoy33_197_A_AMBER_minimized.pdb     8.1100    -32.0000000      18.1248753      -0.1395195   10158.5403000     193.4085000     553.6131000    1014.7922000   -1934.4147000    -905.3900000      31.0280000     148.0020000    -121.0877000 
decoy40_152_A_AMBER_minimized.pdb     9.1500    -29.0000000      54.3562498      -0.1384364   10180.2171000     129.2508000     534.6896000     968.9005000   -1793.2489000    -969.5748000      30.9853000     162.4369000     -89.2108000 
decoy50_111_A_AMBER_minimized.pdb     9.1600    -17.0000000      21.4485443      -0.1539379   10127.5222000      99.7483000     577.9305000    1003.0339000   -1857.5147000    -927.3778000      30.2369000     150.6157000     -68.3624000 
decoy32_162_A_AMBER_minimized.pdb    10.1900    -26.0000000      68.5298314      -0.1669436   10118.3791000      63.0354000     544.6749000    1021.5500000   -1850.5744000    -940.8191000      31.3854000     170.5106000    -134.9750000 
decoy24_5_A_AMBER_minimized.pdb       2.1500    -50.0000000      24.6132477      -0.1463688   10111.0407000      83.2196000     510.0853000    1004.2218000   -1970.8032000    -838.4052000      31.8405000     156.8654000    -112.9638000 
decoy49_131_A_AMBER_minimized.pdb    11.1500    -15.0000000      25.1413221      -0.1031244   10116.3042000     122.7844000     612.2613000     993.5601000   -1837.8664000    -944.6198000      33.2754000     154.9558000     -92.3074000 
decoy37_43_A_AMBER_minimized.pdb      8.2600    -32.0000000      19.4872981      -0.1367717   10116.0472000      53.3659000     552.8543000    1042.2704000   -1898.2752000    -941.8493000      31.9927000     166.7716000    -123.2888000 
decoy65_31_A_AMBER_minimized.pdb      7.9900    -33.0000000      31.7550257      -0.1014991   10120.1630000     162.2555000     486.6093000    1007.6056000   -1766.4476000   -1038.1038000      29.4577000     153.8950000    -114.7350000 
decoy40_11_A_AMBER_minimized.pdb      5.7700    -37.0000000      19.8107806      -0.1504560   10112.3652000      67.6847000     493.4947000    1010.6293000   -1741.2355000   -1056.9169000      31.9768000     170.4287000     -97.8759000 
decoy1_14_A_AMBER_minimized.pdb       2.5500    -49.0000000      10.4305467      -0.1569171   10115.6784000     102.7904000     500.1884000     999.0403000   -1815.8468000    -981.9159000      31.5052000     165.8989000    -100.2361000 
decoy6_22_A_AMBER_minimized.pdb       7.0200    -39.0000000      42.9385152      -0.1059959   10178.8331000     220.3171000     516.2070000    1002.7435000   -1833.7506000    -956.8049000      31.6401000     155.7050000     -79.2655000 
decoy15_2_A_AMBER_minimized.pdb       3.9000    -52.0000000      52.2440134      -0.1562293   10159.3721000      99.4362000     543.8144000    1009.6159000   -1946.9651000    -879.4666000      32.1184000     173.9610000     -76.5351000 
decoy24_63_A_AMBER_minimized.pdb      4.3600    -46.0000000      22.0848300      -0.1100154   10100.5869000      59.7789000     467.4406000    1004.0592000   -1790.9128000    -959.6147000      29.9866000     154.1628000    -164.0817000 
decoy24_3_A_AMBER_minimized.pdb       2.5600    -48.0000000      19.6473584      -0.1685558   10131.7664000     153.4982000     507.4451000    1017.0826000   -2011.6377000    -809.7952000      31.0043000     148.2207000    -121.4677000 
decoy24_138_A_AMBER_minimized.pdb     6.1100    -42.0000000      26.7656954      -0.1737916   10103.2684000      45.3974000     472.5189000     996.2271000   -1941.3525000    -849.2305000      29.5979000     162.1847000    -165.8001000 
decoy25_5_A_AMBER_minimized.pdb       3.3000    -51.0000000      22.2194614      -0.1377046   10107.8387000      40.9822000     532.2300000    1007.7899000   -1922.5605000    -874.9128000      31.9946000     161.7339000    -164.4343000 
decoy59_91_A_AMBER_minimized.pdb      7.8700    -42.0000000      27.1353985      -0.1203965   10108.2559000      47.2879000     513.4414000    1036.5746000   -2043.8735000    -784.9030000      29.5311000     161.1439000    -150.7505000 
decoy69_37_A_AMBER_minimized.pdb      6.8900    -22.0000000      36.6090444      -0.1454401   10104.4541000      60.1434000     539.5893000    1024.3500000   -1828.5991000    -927.0432000      28.4971000     165.1697000    -137.6395000 
decoy24_1_A_AMBER_minimized.pdb       2.4200    -52.0000000      24.0248227      -0.1466184   10119.2294000     112.8789000     551.4302000     971.6491000   -1931.9592000    -833.0542000      31.0249000     153.6472000    -117.4189000 
decoy1_31_A_AMBER_minimized.pdb       3.0200    -52.0000000      11.7024595      -0.1607804   10119.7598000      97.8501000     558.5710000    1045.7329000   -1924.5920000    -938.9583000      33.3827000     158.8559000    -135.8229000 
decoy24_25_A_AMBER_minimized.pdb      3.7700    -48.0000000      19.6555530      -0.1314795   10113.4741000      72.7876000     524.6341000    1002.6037000   -1916.2920000    -870.9106000      29.8216000     159.7886000    -149.7505000 
decoy5_23_A_AMBER_minimized.pdb       5.7400    -52.0000000      17.7101863      -0.1531343   10111.3446000      84.6112000     490.5532000    1007.5603000   -1878.1363000    -944.0307000      29.4114000     165.5638000    -128.7753000 
decoy16_1_A_AMBER_minimized.pdb       2.3900    -51.0000000      33.4855538      -0.1358331   10112.6758000      47.7561000     526.4217000    1041.1229000   -1991.3500000    -867.7919000      33.1866000     156.2105000    -170.5274000 
decoy55_164_A_AMBER_minimized.pdb    10.4900    -19.0000000      44.8155658      -0.0879552   10120.0308000     137.6710000     566.4985000    1027.6737000   -1985.5979000    -827.1380000      31.1057000     167.5517000     -55.8479000 
decoy32_78_A_AMBER_minimized.pdb      8.8800    -38.0000000      25.4172399      -0.1658753   10106.3021000      95.0575000     579.6822000    1033.4172000   -1867.4968000    -974.5563000      28.8075000     155.1289000    -126.0304000 
decoy54_200_A_AMBER_minimized.pdb    11.2000    -25.0000000     102.5276452      -0.1014958   10110.3082000     104.9069000     524.7786000     980.7227000   -1707.7628000   -1058.5680000      36.9771000     164.2928000     -91.7361000 
decoy16_4_A_AMBER_minimized.pdb       3.7600    -56.0000000      31.4006120      -0.1339583   10109.6035000      78.3368000     541.2639000    1004.1541000   -1929.9171000    -882.8281000      33.7503000     167.2692000    -142.1332000 
decoy6_144_A_AMBER_minimized.pdb      8.9800    -38.0000000      23.9594179      -0.1038649   10135.5584000     127.9645000     508.9649000     990.9554000   -1793.7642000    -953.3344000      29.8272000     158.3307000    -110.6644000 
decoy50_55_A_AMBER_minimized.pdb      8.9400    -18.0000000      19.8068927      -0.1570099   10114.7321000      93.9683000     519.1871000    1018.4300000   -1993.0838000    -844.3442000      29.7077000     169.5436000     -74.4298000 
decoy48_1_A_AMBER_minimized.pdb       4.8200    -17.0000000      21.9173422      -0.0510482   10123.0730000     129.8475000     519.6691000    1011.1772000   -1913.7686000    -877.9185000      35.7440000     172.8849000     -75.8252000 
decoy25_14_A_AMBER_minimized.pdb      3.5600    -55.0000000      26.3248781      -0.1644328   10120.7024000      86.0651000     545.9409000    1018.4471000   -1860.3955000    -930.4658000      30.1526000     163.2407000     -92.9912000 
decoy11_1_A_AMBER_minimized.pdb       3.8400    -44.0000000      32.9580496      -0.0958929   10118.6162000      82.0490000     549.7855000    1026.0577000   -1842.2714000    -975.3433000      34.2407000     167.1291000     -99.9532000 
decoy68_12_A_AMBER_minimized.pdb      6.3200    -23.0000000      47.3823519      -0.1052280   10109.0463000      91.2597000     509.2562000     993.7287000   -1824.8102000    -948.2960000      34.5483000     169.6587000    -132.7359000 
decoy6_85_A_AMBER_minimized.pdb       7.9700    -47.0000000      45.8751061      -0.1580955   10103.8939000      74.9148000     507.1662000    1012.4147000   -1988.8122000    -829.2104000      33.0243000     152.6151000    -118.3911000 
decoy54_31_A_AMBER_minimized.pdb      6.8500    -19.0000000      53.2896550      -0.1152608   10120.0273000     142.2631000     561.2289000    1019.0552000   -1909.0392000    -913.3779000      30.4212000     156.6259000    -101.6959000 
decoy54_211_A_AMBER_minimized.pdb    11.9400    -29.0000000      14.8180219      -0.1822751   10132.1999000     114.6263000     544.3282000     995.0739000   -1867.1435000    -925.8042000      34.4024000     163.1290000    -148.6535000 
decoy13_41_A_AMBER_minimized.pdb      7.9600    -43.0000000      49.9512422      -0.1472856   10115.3506000     100.4079000     476.5305000    1029.9692000   -1903.3594000    -934.1899000      29.0730000     157.8368000     -82.1279000 
decoy54_207_A_AMBER_minimized.pdb    12.0200    -26.0000000      15.1349990      -0.1427867   10119.0249000     135.3570000     494.8598000     986.3546000   -1840.9820000    -916.6487000      32.3563000     174.1258000     -87.8759000 
decoy33_67_A_AMBER_minimized.pdb      5.0900    -50.0000000      30.9124530      -0.1113422   10115.5576000     101.0039000     483.1998000    1011.1959000   -1780.0745000   -1008.6719000      30.2599000     152.7700000    -113.0563000 
decoy65_125_A_AMBER_minimized.pdb    10.2800    -34.0000000      54.9414180      -0.1379770   10113.1570000     107.8237000     606.0188000     965.9382000   -1514.8289000   -1195.9879000      32.6386000     153.1684000    -123.5717000 
decoy15_14_A_AMBER_minimized.pdb      4.8300    -43.0000000      67.7375526      -0.1425942   10106.1797000      48.9652000     515.6514000     996.3611000   -1931.5640000    -885.9947000      32.4899000     159.3396000    -144.9375000 
decoy10_10_A_AMBER_minimized.pdb      3.6900    -47.0000000      29.8888810      -0.1185891   10129.1946000     124.1378000     520.7161000     980.7567000   -1894.8394000    -893.1872000      30.1259000     157.6083000     -95.7385000 
decoy54_48_A_AMBER_minimized.pdb      7.9100    -24.0000000      45.4857682      -0.1135818   10111.4183000      78.7665000     494.3196000     985.6107000   -1858.9516000    -914.0092000      34.4927000     156.4225000    -130.1804000 
decoy1_8_A_AMBER_minimized.pdb        1.9500    -52.0000000      11.5957650      -0.1386422   10110.5698000     100.8601000     538.7986000     996.0306000   -1807.8758000    -982.6106000      29.2410000     160.2661000    -157.4262000 
decoy7_22_A_AMBER_minimized.pdb       6.9700    -42.0000000      23.5936317      -0.1680564   10128.3724000     121.6158000     539.6591000     995.3362000   -1948.2259000    -842.2408000      28.0027000     148.6938000    -132.3120000 
decoy25_36_A_AMBER_minimized.pdb      3.2600    -49.0000000      21.0966802      -0.1357574   10114.7681000      63.3538000     512.2426000    1018.1821000   -1898.3963000    -930.9233000      31.4755000     155.2313000    -141.1071000 
decoy10_23_A_AMBER_minimized.pdb      4.6600    -47.0000000      33.1481690      -0.1326984   10105.2670000      53.3913000     511.7441000     999.7642000   -1949.4056000    -848.1346000      31.4201000     169.8364000    -174.4934000 
decoy14_7_A_AMBER_minimized.pdb       5.7200    -47.0000000      27.1367085      -0.1381956   10119.8660000      92.6487000     518.4964000    1047.6168000   -1986.9780000    -856.9291000      32.1674000     170.9929000     -81.0968000 
decoy23_104_A_AMBER_minimized.pdb     7.6100    -45.0000000      57.9487188      -0.1742512   10128.4690000      94.2675000     522.4264000    1013.2130000   -1896.3560000    -912.8012000      32.2698000     164.5010000     -96.8856000 
decoy21_11_A_AMBER_minimized.pdb      4.5900    -34.0000000      40.6723617      -0.1148014   10126.2479000     157.0327000     512.8666000    1004.0018000   -1837.5027000    -945.3569000      31.5742000     154.6621000     -42.3371000 
decoy1_9_A_AMBER_minimized.pdb        1.9600    -45.0000000      11.0737919      -0.1266375   10124.3204000      61.8507000     520.3049000    1002.5881000   -1894.4167000    -913.7972000      31.7396000     153.6999000    -165.1836000 
decoy2_35_A_AMBER_minimized.pdb       6.8400    -42.0000000      25.0457850      -0.1920592   10151.6823000     114.1413000     487.0504000    1045.2805000   -1918.9114000    -924.5693000      29.3922000     169.2319000     -97.3928000 
decoy1_3_A_AMBER_minimized.pdb        1.1500    -54.0000000      10.8399369      -0.1255693   10135.8523000      61.1437000     538.0190000     983.1257000   -1898.4806000    -888.2870000      33.2109000     155.9833000    -133.6247000 
decoy34_74_A_AMBER_minimized.pdb      9.1900    -35.0000000      52.9616173      -0.1685979   10110.2670000      60.9563000     486.8033000    1001.4490000   -1724.0066000   -1022.6930000      28.4755000     166.1260000    -112.8311000 
decoy16_8_A_AMBER_minimized.pdb       3.1300    -52.0000000      31.5040732      -0.1453726   10211.6285000     200.2276000     525.5089000    1001.4273000   -1877.0389000    -915.6993000      28.4300000     159.8004000     -92.4397000 
decoy17_72_A_AMBER_minimized.pdb      8.3500    -22.0000000      42.9017680      -0.1238059   10104.4847000      65.5960000     517.2518000    1001.6131000   -1795.7219000   -1040.0148000      32.2723000     148.9804000    -134.3190000 
decoy48_5_A_AMBER_minimized.pdb       5.1700    -20.0000000      21.3344750      -0.0918876   10139.0838000     148.7008000     551.4275000     994.2498000   -1801.6736000    -940.2263000      30.7664000     171.2861000     -55.4890000 
decoy23_163_A_AMBER_minimized.pdb     8.3300    -43.0000000      42.5777399      -0.1511045   10110.1515000     114.5633000     525.1947000    1028.5094000   -1944.0595000    -876.3960000      28.7296000     164.5102000     -91.8399000 
decoy37_73_A_AMBER_minimized.pdb      9.8200    -23.0000000      20.0391073      -0.0745745   10133.6783000     110.0283000     517.6049000    1035.3926000   -1978.8120000    -863.9850000      35.3153000     172.5498000     -56.1303000 
decoy39_113_A_AMBER_minimized.pdb     9.1900    -33.0000000      17.4467547      -0.1259685   10114.1088000      93.3788000     539.7418000    1014.6391000   -1964.5940000    -861.7123000      29.0448000     163.5309000     -83.6876000 
decoy8_118_A_AMBER_minimized.pdb     10.2300    -20.0000000      41.5290878      -0.1037701   10158.5095000     152.1623000     564.3094000    1045.3905000   -1827.0712000   -1009.3099000      28.0711000     159.8949000     -94.7827000 
decoy54_199_A_AMBER_minimized.pdb    11.8100    -28.0000000      15.2495440      -0.1692387   10105.5304000      56.7735000     552.3731000    1037.4857000   -1859.9032000    -962.9122000      34.1710000     158.4478000    -142.0582000 
decoy4_92_A_AMBER_minimized.pdb       7.8900    -46.0000000      16.6661774      -0.1470528   10120.4958000     102.7858000     494.3279000    1065.6935000   -1880.4926000    -942.9225000      25.8380000     160.5232000    -132.3186000 
decoy40_137_A_AMBER_minimized.pdb     8.4000    -32.0000000      46.2820948      -0.1213012   10122.4542000     103.9549000     516.0190000     995.7124000   -1770.2510000   -1015.0414000      32.2652000     173.6679000     -64.2339000 
decoy1_7_A_AMBER_minimized.pdb        1.2400    -52.0000000      10.5798868      -0.1584974   10123.8159000     100.1152000     548.2590000     994.3079000   -1912.5893000    -844.0482000      30.3174000     152.3694000    -120.4519000 
decoy24_78_A_AMBER_minimized.pdb      4.7400    -46.0000000      19.1119712      -0.1894426   10126.7295000     158.3023000     545.4761000     969.4182000   -1923.1116000    -815.7209000      27.9683000     167.8182000    -125.2169000 
decoy54_104_A_AMBER_minimized.pdb     8.5300    -13.0000000      42.3372725      -0.1126442   10103.7434000      67.1792000     505.9217000    1023.2626000   -2011.0386000    -827.6696000      32.4788000     151.7486000    -149.2871000 
decoy33_216_A_AMBER_minimized.pdb     9.6500    -36.0000000      54.3750025      -0.1727997   10248.2192000      63.4273000     480.2509000    1004.6471000   -1866.1199000    -930.6088000      29.7151000     145.4152000    -184.5751000 
decoy7_30_A_AMBER_minimized.pdb       7.0800    -44.0000000      27.8009810      -0.1808197   10151.0068000     113.8789000     555.0117000     984.6134000   -1907.8004000    -856.4276000      29.7443000     156.0319000    -159.1725000 
decoy1_24_A_AMBER_minimized.pdb       2.8200    -51.0000000      10.0340244      -0.1162488   10129.6819000      96.8180000     544.4430000    1008.6223000   -1862.4385000    -950.6569000      30.6987000     155.2364000    -108.1548000 
decoy24_82_A_AMBER_minimized.pdb      4.8200    -47.0000000      21.7067808      -0.1617170   10104.5799000      71.2941000     504.3413000    1035.5123000   -2003.4735000    -829.5087000      27.1644000     159.1740000    -158.1440000 
decoy63_19_A_AMBER_minimized.pdb      6.0100    -16.0000000      25.4027186      -0.1158676   10116.4789000      92.6088000     496.5816000    1002.7622000   -1895.1676000    -873.4827000      32.9388000     149.4936000    -125.2865000 
decoy1_13_A_AMBER_minimized.pdb       1.9900    -47.0000000      11.0799932      -0.1366165   10108.9429000      95.9523000     529.3235000     995.0453000   -1833.2818000    -964.9484000      34.0654000     146.4959000    -146.2649000 
decoy32_3_A_AMBER_minimized.pdb       6.8700    -16.0000000      30.3631070      -0.1168982   10107.0168000      65.1345000     496.1886000    1004.8152000   -1866.6552000    -927.0678000      32.1452000     164.0781000    -141.7176000 
decoy65_103_A_AMBER_minimized.pdb     9.1200    -35.0000000      39.0498266      -0.1276560   10124.3869000     123.6904000     538.1914000    1010.0408000   -1774.8049000    -974.8217000      31.3961000     181.7216000     -42.6974000 
decoy12_86_A_AMBER_minimized.pdb     10.2100    -30.0000000      27.6754357      -0.1983146   10105.3921000     117.4052000     493.4503000    1017.8134000   -1965.5958000    -850.8947000      29.8218000     157.8755000    -137.3179000 
decoy21_1_A_AMBER_minimized.pdb       3.7500    -30.0000000      40.7029206      -0.0676301   10126.9275000     148.6718000     524.2436000     967.1586000   -1753.9495000    -978.7908000      30.9083000     159.0339000    -119.6468000 
decoy5_120_A_AMBER_minimized.pdb      6.9800    -47.0000000      13.3683865      -0.1739243   10106.9831000      71.1302000     517.8703000    1009.3266000   -1974.0548000    -831.2219000      26.9851000     157.0362000    -146.4285000 
decoy25_17_A_AMBER_minimized.pdb      3.4900    -54.0000000      26.2524178      -0.1616162   10122.0848000      69.5054000     539.2656000    1033.0519000   -1945.4682000    -875.3074000      30.2175000     170.2525000    -128.5353000 
decoy67_178_A_AMBER_minimized.pdb    10.4700    -24.0000000      21.9499860      -0.1389093   10128.6306000     106.8365000     518.9513000     995.8360000   -1915.5420000    -851.3366000      33.3465000     159.3937000    -105.1594000 
decoy1_22_A_AMBER_minimized.pdb       2.8100    -51.0000000      11.6084059      -0.1467874   10128.0578000      98.9225000     510.0546000    1038.0592000   -1853.7502000    -981.9157000      32.9099000     168.8768000    -130.2503000 
decoy11_50_A_AMBER_minimized.pdb      5.3100    -41.0000000      27.4387114      -0.1055641   10112.5169000      75.5419000     523.1848000    1011.3960000   -1947.0641000    -831.4161000      31.3566000     174.8565000    -114.8038000 
decoy39_37_A_AMBER_minimized.pdb      7.8000    -39.0000000      29.2337123      -0.1499860   10131.0390000     102.4087000     529.5266000    1022.4340000   -1897.9370000    -939.9490000      29.9678000     158.8868000     -90.6507000 
decoy10_141_A_AMBER_minimized.pdb     6.5800    -39.0000000      28.3792247      -0.1676509   10118.1042000      71.1595000     500.0189000    1012.7417000   -1928.2862000    -858.7122000      30.6179000     158.7990000    -141.0963000 
decoy15_130_A_AMBER_minimized.pdb     8.2700    -49.0000000      28.8819709      -0.1811186   10128.6026000     132.9172000     605.0516000     994.4564000   -1846.3128000    -959.7714000      27.4880000     160.5328000    -109.1193000 
decoy61_143_A_AMBER_minimized.pdb     8.1400    -24.0000000      33.3306176      -0.1119679   10117.0541000      80.3704000     492.0500000    1026.8309000   -1563.5050000   -1240.6346000      32.7196000     158.0353000    -125.2316000 
decoy10_24_A_AMBER_minimized.pdb      4.2000    -46.0000000      28.4880030      -0.1389688   10106.2412000      64.2249000     536.6846000    1016.6485000   -1987.6198000    -820.8109000      28.4776000     174.6842000    -178.2310000 
decoy59_166_A_AMBER_minimized.pdb    10.0300    -17.0000000      20.6053157      -0.1286930   10136.3698000      90.6573000     532.7387000    1004.9544000   -1746.9712000    -989.0866000      26.2748000     177.4452000    -108.4388000 
decoy10_40_A_AMBER_minimized.pdb      3.9100    -52.0000000      31.2522940      -0.1402354   10121.5009000      83.4700000     506.2715000     995.2923000   -1953.1574000    -843.9295000      33.0885000     155.2509000    -144.6038000 
decoy1_20_A_AMBER_minimized.pdb       2.8500    -51.0000000      11.4021883      -0.1465582   10118.3932000      69.2470000     570.6349000    1013.6871000   -1734.6933000   -1050.3226000      31.2842000     159.5059000    -152.6610000 
decoy5_21_A_AMBER_minimized.pdb       4.2300    -52.0000000      22.1048398      -0.1769304   10116.3031000      95.9150000     535.7297000    1029.3761000   -1843.1869000    -991.9812000      31.5409000     161.8806000    -106.0747000 
decoy69_131_A_AMBER_minimized.pdb     8.6400    -23.0000000      28.3867839      -0.0756185   10121.9161000      90.6711000     536.3270000     995.2519000   -1843.8863000    -929.4039000      31.8575000     159.0943000    -132.9212000 
decoy63_1_A_AMBER_minimized.pdb       4.8000    -20.0000000      36.1805681      -0.1042182   10109.4328000      76.0009000     541.1380000    1041.1748000   -2040.9243000    -772.9945000      31.6229000     160.0125000    -154.3521000 
decoy22_31_A_AMBER_minimized.pdb      4.4900    -42.0000000      62.9690016      -0.1388249   10108.7280000      89.0202000     523.4847000    1001.3776000   -1837.6038000    -954.1179000      31.2868000     152.4547000    -117.2138000 
decoy39_122_A_AMBER_minimized.pdb    10.0100    -20.0000000      47.9841163      -0.0794161   10127.5195000     136.4847000     577.2582000    1006.4895000   -1715.9984000   -1066.3399000      36.6100000     162.4699000     -41.2732000 
decoy33_1_A_AMBER_minimized.pdb       3.7100    -46.0000000      37.5384876      -0.1699960   10261.4814000     210.6753000     505.1779000    1041.1975000   -1894.6109000    -922.8197000      31.5274000     177.2983000     -13.5153000 
decoy17_5_A_AMBER_minimized.pdb       5.9000    -26.0000000      28.9578970      -0.1754141   10115.8587000     123.4353000     569.0002000    1010.8855000   -1847.4896000    -931.9534000      31.8608000     161.7137000     -63.8294000 
decoy18_160_A_AMBER_minimized.pdb    10.4300    -20.0000000       6.8567988      -0.1073192   10128.9333000     124.3819000     523.8760000    1015.8761000   -1937.6491000    -869.4771000      28.6414000     160.4239000    -134.8947000 
decoy54_192_A_AMBER_minimized.pdb    10.1800    -23.0000000      80.4829230      -0.1383695   10103.6429000      67.6651000     455.8024000    1034.3784000   -1764.4643000   -1038.9385000      31.1411000     179.4298000    -133.8791000 
decoy21_141_A_AMBER_minimized.pdb     9.1600    -22.0000000      35.2959217      -0.2226444   10123.2765000     129.0007000     507.1724000    1019.9191000   -1923.9384000    -910.8542000      30.9842000     164.6064000     -21.2043000 
decoy10_262_A_AMBER_minimized.pdb     9.1400    -33.0000000      28.3737672      -0.1257364   10147.9947000     185.0060000     567.9518000     998.9548000   -1648.3114000   -1112.7297000      28.4921000     146.1503000    -148.9063000 
decoy66_1_A_AMBER_minimized.pdb       5.5500    -29.0000000      20.5891294      -0.0923569   10129.0643000     139.4850000     533.2339000    1004.5761000   -1822.4605000    -950.8181000      31.5987000     167.7132000    -120.7543000 
decoy22_34_A_AMBER_minimized.pdb      4.7600    -45.0000000      55.7323181      -0.1727353   10164.9662000     139.6213000     556.4891000     974.3580000   -1872.6964000    -897.1140000      32.7487000     156.7519000    -105.0877000 
decoy33_106_A_AMBER_minimized.pdb     6.8100    -45.0000000      26.5664626      -0.1388152   10105.3834000      68.0601000     494.2800000    1021.4759000   -1710.1017000   -1086.1330000      28.6295000     166.3573000    -125.3286000 
decoy34_128_A_AMBER_minimized.pdb    10.2500    -32.0000000      47.3444488      -0.1243816   10350.6775000     323.8767000     587.5191000    1029.7030000   -1817.9899000   -1004.7304000      27.7933000     156.4910000    -128.8809000 
decoy11_11_A_AMBER_minimized.pdb      4.5400    -46.0000000      36.2377794      -0.1200947   10110.8500000      71.5034000     534.0069000    1034.8375000   -1683.6803000   -1127.2988000      30.5780000     163.5002000    -138.4662000 
decoy1_12_A_AMBER_minimized.pdb       2.7900    -52.0000000       9.5336603      -0.1242592   10114.5260000      94.8502000     550.6649000    1005.6649000   -1852.2599000    -952.5518000      30.5989000     157.1562000    -131.0704000 
