default_name                                                                    
  592  0.0000000E+00
 -14.6127980  27.4805278   7.4809540 -14.7129119  26.5143141   7.7573621
 -15.4039509  27.7386723   6.9085167 -14.4160855  28.0986137   8.2550495
 -13.4274096  27.5842562   6.5820356 -13.7229637  27.9711996   5.6070659
 -12.3985998  28.5360766   7.1961791 -11.7983881  27.9001881   8.4494823
 -11.3695972  28.7935592   6.2514373 -10.7239373  29.3910993   6.6361775
 -12.7974016  26.2025717   6.4064471 -13.2607327  25.2218173   6.9574865
 -11.7420925  26.1158959   5.6434123 -11.3554636  26.9246994   5.1791760
 -11.0839188  24.8000672   5.4321792 -11.4135295  24.1025669   6.2031162
 -11.4649401  24.2573569   4.0595153 -12.9340217  23.8468786   4.0853833
 -11.2528876  25.3419369   3.0020897 -10.3938888  24.7840957   1.8654688
  -9.5712148  24.9622377   5.5217582  -8.8201881  24.3119597   4.8214883
  -9.1175655  25.8123106   6.3971437  -9.7352531  26.3422677   6.9948693
  -7.6520094  26.0205187   6.5372624  -7.2184777  26.3025038   5.5769487
  -7.3846247  27.1437025   7.5438564  -6.0006820  27.7419112   7.2850115
  -5.8683243  28.4910244   6.3308140  -5.0958021  27.4407178   8.0463170
  -7.0164571  24.7197554   7.0366556  -5.8584176  24.4496565   6.7933115
  -7.7741650  23.9109961   7.7344558  -8.7384486  24.1375854   7.9298657
  -7.2312368  22.6273871   8.2558024  -6.1425594  22.6612359   8.2971292
  -7.7679138  22.3998952   9.6700305  -6.9229177  23.1899956  10.6706423
  -7.7634477  24.3257934  11.2605429  -8.6967510  24.7928475  10.6400852
  -7.4675125  24.7929464  12.4425239  -8.0178142  25.5424087  12.8387987
  -6.6917473  24.4029722  12.9558981  -7.6761451  21.4743772   7.3513592
  -8.5652624  20.7188164   7.6902213  -7.0606933  21.3266170   6.2100065
  -6.3333992  21.9626398   5.9188773  -7.4443812  20.2321784   5.2933131
  -8.4584770  19.8883544   5.4970177  -7.3881255  20.7733460   3.8544515
  -8.5599312  20.2733043   3.0710280  -9.6516559  21.0108574   2.7662767
  -9.6876607  22.0438958   3.1141243 -10.5282363  20.2311722   2.0338227
 -11.4172183  20.5756323   1.6992864 -10.0351352  18.9587043   1.8324884
 -10.5222213  17.8278319   1.1767480 -11.5002623  17.9237883   0.7056016
  -9.7560501  16.6597417   1.1550105 -10.1111870  15.7646582   0.6464398
  -8.5079728  16.6296744   1.7937619  -7.8894270  15.7319283   1.7968941
  -8.0200368  17.7705064   2.4535006  -7.0417207  17.6809350   2.9266773
  -8.7790080  18.9555387   2.4845213  -6.4666381  19.0687109   5.5187912
  -6.8696952  17.9231237   5.5119244  -5.2090255  19.3354388   5.7365185
  -4.8677620  20.2862189   5.7569772  -4.2333834  18.2290934   5.9578834
  -3.2416142  18.6319317   6.1649016  -4.6814494  17.3940313   7.1575557
  -4.5758616  18.2340840   8.4298897  -5.1168195  17.4315394   9.6160936
  -3.1111688  18.5937077   8.6825428  -4.1601321  17.3355901   4.7163689
  -4.8540723  16.3424313   4.6163425  -3.3310764  17.6892882   3.7691818
  -2.7639949  18.5205500   3.8546463  -3.2036523  16.8681668   2.5282881
  -4.1694306  16.4466027   2.2513825  -2.7101506  17.7554740   1.3837483
  -3.0889531  17.1144289   0.0509287  -2.8985548  18.1314480  -1.0748847
  -2.1933282  15.9029674  -0.1990284  -2.2050005  15.7304709   2.7582221
  -1.3320536  15.4883698   1.9513406  -2.3321811  15.0336861   3.8550794
  -3.0648552  15.2345723   4.5213482  -1.3963982  13.9079044   4.1496629
  -0.6616311  13.8054060   3.3520213  -0.6587718  14.1954096   5.4603461
   0.5244713  15.1222973   5.1890674   1.6477316  14.8243220   6.1820123
   2.5544354  16.0502018   6.3096022   1.7181719  17.2775104   6.4284981
   1.1305796  17.2071372   7.2475113   2.3173752  18.0868693   6.5131748
   1.1398518  17.3712909   5.6065532  -2.1924044  12.6058149   4.2931915
  -1.6362221  11.5409496   4.4726885  -3.4927958  12.6934976   4.2200950
  -3.9389280  13.5881387   4.0787720  -4.3578155  11.4828815   4.3483733
  -4.2172469  11.0102561   5.3211262  -5.8234470  11.9076682   4.2190587
  -5.9353442  13.1261988   3.2917034  -6.8312852  13.9327725   3.4394410
  -5.0561271  13.2967933   2.3363655  -5.1269621  14.0970475   1.7242165
  -4.3109067  12.6251603   2.2148077  -4.0280166  10.4523847   3.2555911
  -3.0916923   9.6865761   3.3726948  -4.8050515  10.4178695   2.2034036
  -5.5929564  11.0441803   2.1187359  -4.5512013   9.4450823   1.0965621
  -4.6773971   8.4279677   1.4684870  -5.5515505   9.7028399  -0.0329880
  -3.1263642   9.5933818   0.5495898  -2.6321871   8.7227736  -0.1395455
  -2.4687050  10.6881461   0.8320128  -2.8887116  11.4180597   1.3902709
  -1.0785006  10.8931842   0.3303061  -1.0790422  11.0364755  -0.7498605
  -0.4916499  12.1412553   0.9862143   0.6735767  12.6603920   0.1511988
   1.9940485  12.2789545   0.8252148   2.6572906  13.5339040   1.4005055
   2.2249485  13.7244770   2.8140670   2.4960804  12.9191449   3.3606470
   2.6633511  14.5521135   3.1912564   1.2202495  13.8295448   2.8465121
  -0.1919915   9.6858359   0.6585954   0.0864150   8.8659884  -0.1932463
   0.2647589   9.5698282   1.8761017   0.0583085  10.2491348   2.5946700
   1.1312254   8.4062466   2.2289484   1.7237954   8.1014589   1.3656066
   2.0805517   8.7995003   3.3601835   3.3056904   7.8803541   3.3358457
   4.5427948   8.6703438   3.7690043   4.3866603   9.8223889   4.1350054
   5.6244808   8.1065749   3.7269470   0.2711903   7.2211057   2.6755545
   0.7206807   6.0924627   2.6965243  -0.9581474   7.4614002   3.0387406
  -1.3444117   8.3952546   3.0340807  -1.8314459   6.3374063   3.4810877
  -1.3920890   5.8331852   4.3411000  -3.2027808   6.8847339   3.8823706
  -3.0199449   8.0017134   4.9108232  -1.8826183   8.2876452   5.2477228
  -4.0186458   8.5510184   5.3429016  -1.9909270   5.3359738   2.3374126
  -1.9865441   4.1375790   2.5399142  -2.1229435   5.8192792   1.1367202
  -2.1098751   6.8140922   0.9617705  -2.2811606   4.9022679  -0.0233116
  -2.8339305   4.0094861   0.2667197  -3.0149366   5.6304220  -1.1460863
  -0.9000166   4.4839046  -0.5145525  -0.6409092   3.3258472  -0.7693926
  -0.0093240   5.4251863  -0.6468361  -0.2192268   6.3865873  -0.4183992
   1.3614530   5.0978391  -1.1218586   1.3328012   4.8276063  -2.1775252
   2.2570637   6.3193806  -0.9331673   3.7190660   5.9062099  -1.0990583
   1.9007069   7.3801267  -1.9776374   2.4615524   8.7346783  -1.5394454
   1.9161911   3.9427229  -0.2943862   2.7304768   3.1708737  -0.7513193
   1.4905528   3.8318272   0.9282052   0.8231132   4.4812253   1.3207194
   1.9931163   2.7228039   1.7935813   3.0786658   2.7757622   1.8805699
   1.3696865   2.8388044   3.1862688   1.6155172   1.3740402   1.1752771
   2.3793426   0.4291980   1.2091076   0.4406603   1.2769767   0.6221471
  -0.1912442   2.0656243   0.5969854   0.0000000   0.0000000   0.0000000
   0.3420860  -0.8546059   0.5833628  -1.5263736  -0.0144069  -0.0374003
  -2.0408478  -1.2010656   0.7719919  -1.8901313  -0.9079797   2.2664825
  -0.7634010  -0.8813489   2.7330074  -2.9035799  -0.7179524   2.9188271
   0.5406149  -0.1103823  -1.4319159   0.3101671  -1.0880482  -2.1150652
   1.2366184   0.8894776  -1.8981625   1.4137170   1.7172059  -1.3480769
   1.7838618   0.8308875  -3.2842238   1.1975599   0.1459479  -3.8956415
   1.7180327   2.2289394  -3.9146962   0.2585534   2.6670811  -4.1527902
   0.1943349   3.5002151  -5.4335395  -0.6665604   1.4526768  -4.3028303
   3.2386231   0.3481587  -3.2720060   3.5866936  -0.6067755  -3.9350129
   4.0928667   1.0009619  -2.5353482   3.8196798   1.8017499  -1.9852917
   5.5185554   0.5670725  -2.4936265   5.9644611   0.6319031  -3.4868206
   6.2995401   1.4804265  -1.5442681   7.7028907   0.9135433  -1.3255657
   8.7282067   2.0451122  -1.4051644   9.1125294   2.4885735   0.0074134
   7.9992193   3.2830421   0.5998795   7.1645895   2.7161092   0.6405899
   8.2529971   3.5757910   1.5321687   7.8257632   4.0981474   0.0284237
   5.6039151  -0.8783303  -1.9961007   6.3733468  -1.6735827  -2.4970229
   4.8212455  -1.2232844  -1.0109361   4.1842540  -0.5648508  -0.5853981
   4.8559236  -2.6147739  -0.4812015   5.8653882  -2.8763386  -0.1609062
   3.9212245  -2.7130394   0.7248707   3.7894781  -4.1726482   1.1581813
   2.7689847  -4.2742320   2.2937414   3.3240798  -5.1722768   3.4006987
   2.6432290  -6.4954822   3.3523141   2.8092740  -6.9265158   2.4543078
   3.0093388  -7.0895341   4.0830189   1.6510133  -6.3684209   3.4874694
   4.4042165  -3.6010073  -1.5641905   4.7797030  -4.7580916  -1.5551836
   3.5995761  -3.1596168  -2.4933045   3.2808446  -2.2018044  -2.5056318
   3.1298600  -4.0772814  -3.5724545   2.5008465  -4.8616592  -3.1525989
   2.3278574  -3.2819056  -4.6088432   4.3338669  -4.7298258  -4.2561578
   4.3101287  -5.8961053  -4.5951479   5.3851050  -3.9873746  -4.4627918
   5.4116313  -3.0165102  -4.1861082   6.5875858  -4.5656854  -5.1254060
   7.4741078  -4.3728239  -4.5206679   6.4634043  -5.6404211  -5.2544119
   6.7718462  -3.9167872  -6.4998850   7.8606221  -3.8818804  -7.0389075
   5.7162514  -3.4003610  -7.0663369   4.8117032  -3.4247413  -6.6203798
   5.8289380  -2.7536275  -8.4042048   6.4251580  -3.3818287  -9.0641132
   4.4323780  -2.5711776  -9.0000144   4.5322542  -1.7985559 -10.3143608
   3.8089740  -3.9450719  -9.2627404   2.4135281  -3.7674350  -9.8666439
   6.4996894  -1.3869281  -8.2522036   5.8511512  -0.3892376  -8.0043873
   7.7959057  -1.3299404  -8.3934275   8.3443320  -2.1540786  -8.5942846
   8.5033792  -0.0249867  -8.2562443   7.8054716   0.7557758  -7.9520808
   9.5972838  -0.1486877  -7.1911364   8.9599561  -0.1290298  -5.8011962
  10.3016778  -1.3691084  -7.3760229  10.9867065  -1.4472533  -6.7081080
   9.1341224   0.3596547  -9.5975448   9.8728533   1.3193766  -9.6924083
   8.8470619  -0.3782379 -10.6347261   8.2324525  -1.1765517 -10.5672701
   9.4326556  -0.0490379 -11.9632925  10.5207931  -0.0949568 -11.9201343
   8.9423663  -1.0576849 -13.0019487   9.3767929  -2.3603628 -12.6309751
   9.0708687  -2.9970036 -13.2809898   8.9973876   1.3584674 -12.3710988
   7.9610551   1.8421461 -11.9595693   9.7809521   2.0247107 -13.1731697
  10.6469683   1.6331058 -13.5153034   9.4082514   3.4020957 -13.6057326
   8.6784075   3.8306434 -12.9185133  10.6554652   4.2879278 -13.6094609
  10.9290566   4.7901958 -12.1915822  10.1252946   5.5586004 -11.6909250
  11.9385350   4.3989651 -11.6307678   8.8121053   3.3588891 -15.0121158
   8.2904618   4.3394447 -15.5049159   8.8865621   2.2338912 -15.6652632
   9.3318600   1.4173259 -15.2708083   8.3226290   2.1347646 -17.0387521
   8.6245522   2.9922821 -17.6407172   8.8564975   0.8572167 -17.7029095
   7.9829249   0.4525521 -18.8687609   7.9195051   1.2563572 -20.0125008
   8.4928452   2.1830916 -20.0600714   7.1192788   0.8715590 -21.0956470
   7.0689510   1.5004698 -21.9840322   6.3851623  -0.3213393 -21.0385655
   5.7639580  -0.6197877 -21.8835671   6.4495628  -1.1278003 -19.8962413
   5.8812228  -2.0565117 -19.8506844   7.2466359  -0.7403702 -18.8096113
   7.2935923  -1.3659746 -17.9184521   6.7955198   2.1013807 -16.9562626
   6.1049507   2.6190011 -17.8119396   6.2646790   1.5093829 -15.9232425
   6.8344339   1.0831896 -15.2062911   4.7830825   1.4406503 -15.7799921
   4.3172151   1.2511220 -16.7472616   4.4184499   0.3017673 -14.8312419
   4.8140171  -0.9920932 -15.4859537   4.3271921  -1.2937234 -16.7596461
   3.6536169  -0.6016648 -17.2639011   4.7045168  -2.4804733 -17.3870815
   4.3086903  -2.7231851 -18.3739140   5.5776987  -3.3671464 -16.7465590
   5.9639010  -4.5278330 -17.3839946   5.5742087  -4.6237401 -18.2550867
   6.0678122  -3.0641672 -15.4675357   6.7483780  -3.7516955 -14.9651714
   5.6807216  -1.8764695 -14.8363919   6.0544971  -1.6413717 -13.8398671
   4.2927451   2.7682234 -15.2247913   3.3353010   3.3438247 -15.7003343
   4.9658180   3.2673383 -14.2311115   5.7786337   2.7978144 -13.8591685
   4.5598949   4.5591485 -13.6251255   3.5369661   4.5010508 -13.2518735
   5.4896514   4.8758916 -12.4551651   5.0106195   4.1773431 -11.1992888
   3.9567172   3.2500062 -11.2539290   3.4726938   3.0303515 -12.2062933
   3.5287925   2.6080820 -10.0880559   2.7110553   1.8871800 -10.1304463
   4.1482474   2.8892890  -8.8665906   3.8121006   2.3881670  -7.9580583
   5.1992719   3.8122569  -8.8088376   5.6823021   4.0299215  -7.8563438
   5.6299600   4.4552859  -9.9751200   6.4482521   5.1745240  -9.9310194
   4.6828504   5.6527844 -14.6832292   3.7491468   6.3823634 -14.9522040
   5.8301023   5.7620712 -15.2933923   6.6012200   5.1428462 -15.0875872
   6.0222115   6.8052423 -16.3366705   5.9844098   7.7987087 -15.8886710
   7.3872902   6.6213127 -17.0011391   7.8180650   7.9298417 -17.6641396
   7.9842987   8.9356221 -17.0012401   8.0093556   7.9605210 -18.9542078
   8.2933230   8.8215799 -19.3988818   7.8719400   7.1235862 -19.5015395
   4.9334240   6.6563937 -17.3937938   4.3748666   7.6246694 -17.8718595
   4.6344188   5.4443803 -17.7684136   5.1030808   4.6400406 -17.3777580
   3.5833442   5.2173628 -18.7934039   3.7601670   5.8517340 -19.6613714
   3.6041894   3.7484135 -19.2226992   2.2108766   5.5617154 -18.2068813
   1.2876973   5.8973204 -18.9217842   2.0726351   5.4853690 -16.9107350
   2.8282008   5.1820033 -16.3124426   0.7590006   5.8090490 -16.2832978
  -0.0324462   5.2196872 -16.7465429   0.8276367   5.4840675 -14.7718773
   0.4518346   6.7033620 -13.9175811  -0.1409911   4.3410938 -14.4635773
   0.1068563   3.1822295 -15.4311707   0.4416899   7.2924184 -16.5272574
  -0.6562950   7.6480143 -16.9094210   1.3956811   8.1565831 -16.3115096
   2.3116576   7.8676089 -15.9991823   1.1501642   9.6097273 -16.5309505
   0.1768796   9.8949685 -16.1321781   2.2306514  10.4210191 -15.8112425
   3.5785974  10.2045675 -16.5005947   3.7004269  10.3806974 -17.6947087
   4.6069786   9.8250078 -15.7916574   5.4999568   9.6795013 -16.2390349
   4.5040621   9.6778285 -14.7973992   1.2021964   9.9118676 -18.0299642
   0.9375158  11.0161021 -18.4638158   1.5492646   8.9374030 -18.8232762
   1.7675385   8.0193740 -18.4628747   1.6223088   9.1543324 -20.2931861
   2.1016617  10.1066765 -20.5173692   2.4484525   8.0328878 -20.9129296
   3.9239083   8.4358033 -20.9338182   4.3944405   8.5901067 -22.3795158
   5.9243155   8.5673016 -22.4236795   6.3891204   9.0448346 -23.7560682
   6.0618194   9.9883462 -23.9090240   7.3990081   9.0300795 -23.7865058
   6.0228567   8.4407262 -24.4769711   0.2118879   9.1337495 -20.8867037
  -0.0350981   9.6642719 -21.9499162  -0.7080282   8.5102396 -20.2067646
  -0.4942533   8.0557173 -19.3312572  -2.1106161   8.4438083 -20.7154640
  -2.1662282   7.7611116 -21.5627684  -3.0336279   7.9390383 -19.6050855
  -2.5733472   9.8312657 -21.1724456  -2.0614189  10.8442669 -20.7408208
  -3.5363906   9.8833861 -22.0565967  -3.9581368   9.0474806 -22.4330984
  -4.0313735  11.2036041 -22.5424943  -3.2189433  11.9298154 -22.5575236
  -4.5757415  11.0481585 -23.9640089  -3.5748046  10.2622047 -24.8124181
  -2.3395090  11.1249538 -25.0793332  -1.2337537  10.2612620 -25.6918742
  -1.6120681   9.8768004 -27.0806701  -1.7363103  10.7096197 -27.6387148
  -0.8819583   9.3073852 -27.4828241  -2.4754822   9.3527721 -27.0618729
  -5.1414813  11.7292324 -21.6252814  -4.9398259  12.6594153 -20.8699317
  -6.3132185  11.1540768 -21.6872459  -6.5019271  10.3861887 -22.3148751
  -7.4185663  11.6381025 -20.8091823  -7.1689650  12.6087912 -20.3823623
  -8.6976379  11.7819135 -21.6378153  -8.4877372  12.8389146 -22.7218833
  -9.0090103  10.5345917 -22.2416661  -9.8111367  10.6230962 -22.7624432
  -7.6612513  10.6443973 -19.6736874  -6.9752117   9.6518618 -19.5477956
  -8.6403126  10.9041360 -18.8445496  -9.2112614  11.7314556 -18.9419814
  -8.9296780   9.9755894 -17.7155941  -8.0229995   9.7914936 -17.1409065
  -9.9764559  10.5973941 -16.7927011 -10.3195887   9.6094295 -15.6758591
  -9.4092752  11.8831752 -16.1812926  -9.4497424   8.6534351 -18.2708004
  -9.2392814   7.6061450 -17.6995458 -10.1095948   8.6865770 -19.3910549
 -10.2957819   9.5501004 -19.8800457 -10.6348076   7.4233238 -19.9684405
 -11.1578589   6.8441276 -19.2062343 -11.6284079   7.7583590 -21.0999145
 -11.4390210   6.8197280 -22.2945926 -12.7011816   6.8261924 -23.1591050
 -13.7064909   7.3438649 -22.6993875 -12.6418930   6.3126324 -24.2640488
  -9.4331657   6.6274045 -20.4861000  -9.4598356   5.4168289 -20.5682139
  -8.3705836   7.3126063 -20.8097601  -8.3464514   8.3175356 -20.7172536
  -7.1583540   6.6216175 -21.3216486  -7.4408099   5.8125361 -21.9945039
  -6.2877874   7.6187104 -22.0931471  -5.3971218   6.8632432 -23.0805118
  -6.1461529   6.6766657 -24.4029823  -7.1814643   6.0309065 -24.3867421
  -5.6708176   7.1815124 -25.4067254  -6.3825833   6.0688482 -20.1262476
  -5.7358868   5.0434094 -20.2107881  -6.4628176   6.7289590 -19.0007984
  -7.0226104   7.5653513 -18.9161992  -5.7309547   6.2441002 -17.7971888
  -4.6747329   6.1052611 -18.0282578  -5.8527153   7.2725764 -16.6680198
  -4.9180726   6.8876147 -15.5198444  -5.4701245   8.6595947 -17.1900885
  -6.3608753   4.9281847 -17.3502554  -5.7251603   3.8919589 -17.3311147
  -7.6162687   4.9623678 -17.0013953  -8.1469050   5.8206614 -17.0341254
  -8.3061235   3.7229184 -16.5532064  -7.8039639   3.3007569 -15.6834891
  -9.7504500   4.0586732 -16.1693332  -9.7586669   4.9602323 -14.9339748
  -8.9319398   4.8141329 -14.0582509 -10.6658675   5.8927125 -14.8277342
 -10.6779294   6.4918104 -14.0140792 -11.3534357   6.0101914 -15.5580303
  -8.3124697   2.7024059 -17.6928573  -8.3196882   1.5079819 -17.4678132
  -8.3156729   3.1627675 -18.9129701  -8.3151580   4.1535050 -19.1069329
  -8.3221584   2.2171709 -20.0664091  -9.0872878   1.4538973 -19.9239567
  -8.6072605   2.9896138 -21.3564891  -6.9613746   1.5284886 -20.1739674
  -6.8533683   0.4108115 -20.6375776  -5.9188443   2.1904420 -19.7549372
  -6.0012873   3.1238728 -19.3768881  -4.5643812   1.5755925 -19.8316257
  -4.4155891   1.1047443 -20.8033168  -3.5024358   2.6605694 -19.6452429
  -3.0903728   3.2128916 -21.0091142  -2.3860706   4.5567748 -20.8215752
  -2.1374209   2.2251807 -21.6922535  -4.4005232   0.5168917 -18.7367591
  -3.9474136  -0.5807170 -18.9907748  -4.7520776   0.8364432 -17.5198181
  -5.1146676   1.7508310 -17.2925784  -4.6105326  -0.1606543 -16.4218295
  -3.5744088  -0.4872945 -16.3405260  -5.0286772   0.4715056 -15.0954052
  -3.9331062   0.2373774 -14.0538324  -2.9767740   1.4300504 -14.0391848
  -2.4768364   1.6634681 -12.6135254  -3.6306180   2.0018462 -11.7362896
  -4.2934974   1.2390844 -11.7420031  -3.3034266   2.1560531 -10.7940219
  -4.0798769   2.8399178 -12.0783074  -5.4897609  -1.3834160 -16.7008143
  -5.0915538  -2.5084263 -16.4675925  -6.6796346  -1.1795319 -17.1921265
  -7.0293942  -0.2507440 -17.3820638  -7.5670472  -2.3421451 -17.4789477
  -7.6759070  -2.9639299 -16.5903244  -8.9515828  -1.8381828 -17.8946431
  -9.7301446  -1.4054954 -16.6527322  -9.1472953  -1.0074749 -15.6629824
 -11.0330268  -1.4645366 -16.6618270 -11.5545380  -1.1812295 -15.8458849
 -11.5146372  -1.7956278 -17.4863884  -6.9632042  -3.1815003 -18.6041279
  -7.2785688  -4.3435067 -18.7596934  -6.0929767  -2.6066533 -19.3860308
  -5.8225869  -1.6410330 -19.2667810  -5.4756875  -3.3799824 -20.4975853
  -6.2387714  -3.9497881 -21.0276328  -4.8036544  -2.4242170 -21.4861048
  -4.5576848  -3.1461930 -22.8110115  -3.7607611  -2.2355386 -23.7486971
  -3.6975850  -1.0479942 -23.4779288  -3.2278797  -2.7423897 -24.7236027
  -4.4374623  -4.3393304 -19.9233743  -4.2810431  -5.4441169 -20.3937532
  -3.7305994  -3.9307629 -18.9032927  -3.8492028  -3.0085560 -18.5098379
  -2.7017876  -4.8269651 -18.3022097  -1.9503670  -5.0643260 -19.0560515
  -2.0311786  -4.1155997 -17.1202390  -1.3938869  -5.1373134 -16.1739539
  -0.9456411  -3.1886654 -17.6518718  -1.2058174  -1.7639357 -17.1655200
  -3.3777829  -6.1169307 -17.8379841  -2.7639618  -7.1639755 -17.7883802
  -4.6383996  -6.0561147 -17.5070846  -5.1594000  -5.1921999 -17.5524652
  -5.3417947  -7.2758667 -17.0509012  -4.8700394  -7.6760153 -16.1526379
  -6.7923182  -6.9235190 -16.7245344  -7.3705139  -7.9997015 -15.8147525
  -6.6415191  -7.9796850 -14.4698120  -8.8615921  -7.7385897 -15.5899719
  -5.3050114  -8.3282519 -18.1624164  -5.3837143  -9.5132204 -17.9076064
  -5.1865067  -7.9074749 -19.3948770  -5.1233747  -6.9245720 -19.6208317
  -5.1461523  -8.8936670 -20.5119954  -5.0816199  -9.9085767 -20.1203345
  -6.4245910  -8.7695095 -21.3410461  -6.4004131  -7.4567247 -22.1258110
  -7.5926988  -6.5919789 -21.7094294  -8.4798862  -6.3243350 -22.9262911
  -8.9103702  -4.8966022 -22.9237203  -8.0975930  -4.2986677 -22.9631254
  -9.4960178  -4.7210936 -23.7271542  -9.4299125  -4.7027555 -22.0797207
  -3.9303005  -8.6207164 -21.4045127  -3.7611839  -9.2346508 -22.4403123
  -3.0813238  -7.7100646 -21.0135306  -3.2075457  -7.2019222 -20.1501946
  -1.8791018  -7.4048018 -21.8468143  -2.0227543  -7.7686458 -22.8637396
  -1.6293508  -5.8935411 -21.8731387  -0.6586821  -8.0962585 -21.2482771
   0.3495419  -8.2808579 -21.8988847  -0.7398575  -8.4624560 -20.0008210
  -1.5600745  -8.2648921 -19.4445335   0.4074451  -9.1414758 -19.3462087
   1.0344027  -9.6424412 -20.0842478   1.2514559  -8.0736001 -18.6244991
   1.0175448  -8.0866923 -17.1387039   2.0595163  -8.0214644 -16.2336600
   1.5252725  -8.0303358 -15.0014514   2.2167123  -7.9802735 -14.1592993
   0.1923831  -8.1017810 -15.0393284  -0.4772324  -8.1263315 -14.2820573
  -0.1315224  -8.1370826 -16.3911450  -1.1737151  -8.1958919 -16.7004750
  -0.1118695 -10.2135400 -18.3746105   0.6403366 -10.7951647 -17.6188516
  -1.3884228 -10.4793589 -18.3979523  -2.0175647 -10.0015008 -19.0272931
  -1.9524250 -11.5083532 -17.4809532  -1.3844261 -12.4363489 -17.5519543
  -1.8984251 -10.9943533 -16.0409603  -3.4044375 -11.7933531 -17.8679523
  -4.2154360 -11.9543486 -16.9709606  -3.6824384 -11.8413496 -19.0549545
   0.1266989   0.2790842   0.2124842  -0.1368390  -0.7664254   0.0464664
   0.8692292  -0.6315503  -0.8697969   0.0460263   0.6918755   0.1908932
  -0.0983421  -0.0636017  -0.3656624  -0.6993564  -0.5734738  -0.1212822
   0.5920408   0.1088257   0.1195650  -0.0933283   0.1293110  -0.1106389
   0.1406990   0.0587752  -0.1398037  -0.0998023   0.3951187   2.1016382
   0.0547735  -0.0983830   0.2006516  -0.1375981  -0.2963435   0.1349701
  -0.3248363  -0.3113920   0.1638012   0.6994451  -0.1870900   0.6186648
  -0.0883554   0.3151629   0.3630670   0.0167106   1.0144462   1.0786222
  -0.4320467   0.0134777  -0.0351831   0.0165113  -0.2007088   0.3125733
   0.0324857  -0.1084834  -0.3048564  -0.0493143   0.1100410  -0.3508897
   0.1686614  -0.1483570   0.0684070  -0.1013562  -0.1539137   0.2044126
   0.1588684   0.0490728   0.3394576  -0.3977042   0.9350873   0.7096320
  -0.0683281  -0.1486508   0.0476843  -0.4155824   2.0554820   0.6321045
   0.2324063  -0.2197738   0.2837067  -0.0592884   0.2631650  -0.0211463
  -0.0059199   0.0404593   0.0998470  -0.1183034  -0.2609131  -0.0363718
  -0.0891413  -0.1419810   0.3094155  -0.3127482  -0.1870450  -0.3068236
   0.1303784  -0.0475080  -0.1181447   0.8555318   0.6740578   0.7798118
  -0.0526930  -0.1339870  -0.2443765   0.1358863   0.5512464  -1.6127553
  -0.2422070   0.0029079  -0.0035510  -0.1974939   0.1623614  -0.0255641
  -0.2494248   0.1193467  -0.1185379   0.3730312  -0.1852959   0.1314712
  -0.0340186   0.0354591  -0.1785431   0.2535632   0.5264907  -1.7492810
  -0.7984346   0.3101363   0.4856760  -0.1583173  -0.1110608  -0.2829139
   0.0231601   0.3190907  -0.0225321  -0.1784408  -0.1972746   0.1527566
  -1.1769387   0.2113609   0.6910752   0.0849091  -0.2753034   0.0110666
  -1.3390562   0.9627261   1.1095897   0.2270183   0.0048675  -0.2001739
  -0.2438615  -0.1001757  -0.4243022   0.1671794  -0.1266204  -0.1181709
  -0.5825828  -0.1318058   0.6955210   0.0205346   0.2980823  -0.2576990
  -0.2295229   0.2630184  -0.5603780   0.4585771  -0.0741120  -0.1141025
   0.0431589   0.3074188  -0.0781243  -0.2408156   1.2776621   0.5001792
   0.0766308   0.3169701   0.2588843   0.2340794  -0.9648616  -0.6878316
   0.0615258  -0.2884697   0.1758799   0.4852904   0.9654472   0.2619955
   0.0271884  -0.1594944   0.2642133   0.7277358  -0.4072580   0.7766910
   0.1321255   0.1267871   0.1376902  -0.1476874   0.4867148   0.0869355
  -0.0429169  -0.0491135  -0.1777177  -0.3453692  -0.0151580  -0.0228913
  -0.3678001  -0.6330943   1.1580585  -0.1969919  -0.2251129  -0.4543196
  -0.6801011  -0.6613195   0.6145174   0.1752864   0.4027086  -0.0954700
   0.0410861  -0.0542021   0.0337019   0.0307579  -0.0372724  -0.2557319
   0.0188096   0.2061005   0.1268930   0.1565690   0.4488136  -0.3114216
  -0.2092804  -0.1204307   0.1308498   0.1597438   0.0636030   0.1231394
  -1.1646417  -0.6860508   0.4972255   0.1370079  -0.0752034  -0.0039131
   0.0393152   0.2817535   0.6742997   0.1122644   0.0760888   0.0007931
  -0.1830407  -0.1674330   0.1717378  -0.1187873   0.1914377  -0.1124774
   0.1600392  -0.2029584   0.0795330   0.1029191  -0.1405173  -0.0217607
  -0.0138288   0.3315673  -0.2303979  -0.2825737   0.1237950  -0.3373675
  -0.4686750  -0.8154438  -0.3430960  -0.2921586   0.1657580   0.3238584
  -0.3746889   0.6247918  -0.6346978   0.0284165  -0.2278699  -0.0449743
   0.1880479  -0.0090208  -0.1088746   0.2535753   0.0795600   0.2615001
   0.0248920   0.2566678  -0.0607217   0.1946090   0.3684947   0.0867645
   0.5544528   0.1140081  -0.1016634   0.5990939  -1.7667602   0.4800941
   0.6744472   0.1151689   1.3584386   0.1692229   0.0620222   0.2700517
  -0.2312768   0.0994012   0.1315775  -0.1030766  -0.0608165  -0.2616086
  -1.3671781  -0.6697235   0.3505336   0.0011196   0.0509005  -0.2628030
  -0.0468203  -0.3963739  -0.9303274   0.0737951   0.1520409  -0.2612524
   0.0051150   0.1887062   0.4265280   0.0315725  -0.1494318  -0.1479287
   0.2045401  -0.0814286  -0.1701345   0.3038798  -0.3112070  -0.4381337
  -0.9055863  -1.7484416   0.4689400   0.0875646  -0.0880108   0.0058705
   0.0047609  -0.3863930   0.5711859  -0.0328084   0.5105088   0.2160236
  -1.1696605   0.8735885   0.9457926   0.3514451   0.0348705   0.2220120
  -0.2434877   0.5051591   0.8792359  -0.2094407  -0.3492468  -0.2046636
   0.0661379  -0.3260945  -0.2912735   0.0977756   0.3274811   0.3281414
  -0.3052489  -0.1402181   0.2785823   0.1068926  -0.0561843   0.6175879
  -0.3166774   0.0637549   0.0812857   0.3042856   0.4124781   1.0043646
   0.0488799  -0.1988783   0.0647733   0.0966686  -0.0365182   0.0541497
   0.1055519   0.1552829  -0.0850336   0.1235948   0.1355216  -0.0704057
   0.1047860  -0.1313945   0.0622439  -0.0213007   0.3191846  -0.6954902
  -0.1837098  -0.6061121   2.1532058   0.2393350  -0.5436498  -0.2845208
  -0.3721661   0.0419497  -0.3222924   0.3304779   0.2667199   0.4001044
  -0.1085337   0.1855671  -0.3332058  -0.7161923   0.4671940  -1.2562674
  -0.0004067  -0.4931958  -0.3943729   0.7413503  -0.3415850  -0.2400082
   0.4027111   0.1627748   0.1457692   0.4334127   0.1051963   0.1536894
  -0.1240121   0.1409715  -0.1780446  -0.1475318   0.2576370   0.4145795
  -0.1781008  -0.2527843  -0.0237511  -0.0747947  -0.2675889   0.2720159
   0.1928598  -0.1446743  -0.1003407   0.1301875   0.2814854   0.2268645
  -1.0985500  -0.5860701   0.6618520  -0.1762057  -0.0732954  -0.0712682
  -1.4026646   1.1360280  -0.1617073   0.1579874  -0.1940526  -0.2640064
  -0.2311355   0.2409210  -0.0351595   0.1018356  -0.0118275  -0.3080725
   0.2736601   0.2349451  -0.1248582  -0.3304703  -0.3303958   0.0859249
  -0.0244797  -0.0402739   0.2967121   0.1451467  -0.1191734   0.0658304
  -0.3894667   0.1965293   0.1630919  -0.1642034   0.1689764   0.0869777
  -0.2834441   0.6187642  -0.4130821  -0.1022134   0.0376737  -0.0661876
   0.1105688  -0.0035491   0.5010127   0.0614106   0.2853787   0.3798327
  -0.0904551  -0.2522771  -0.0330453   0.0518742   0.1893996  -0.8522699
   0.1476643  -0.0236076   0.2256423  -0.5411495  -0.1388123  -0.6894125
   0.1935088   0.1288725  -0.0654239   0.3405496  -0.0835940  -0.0637649
   0.1514005   0.1162886   0.0693192   0.0681181  -0.0557500   0.1313742
   0.0464312   0.0675069   0.1411693  -0.0673455   0.2613251   0.2039637
   0.3363814  -0.2327758   0.0026566   0.1465884   1.0176954   1.0538016
   0.0126131   0.0790754   0.0696829  -0.1697502  -0.0488330  -2.6698922
   0.0409721  -0.1128000  -0.0178454   0.1814456  -0.2134753   0.1402832
   0.0244234   0.3126893  -0.0871648   0.0673939   0.3952454   0.2664402
  -0.0146612  -1.6840136  -0.3852363   0.4500647   0.3507066   0.4724883
  -0.3355879   0.8972707   0.4312199   0.1414740  -0.0625805  -0.0641577
  -0.1883021   0.1049051  -0.1832452  -0.2469550   0.1819039   0.1416356
  -0.0276724  -0.0449780  -0.0420217  -0.1200517   0.0774943  -0.3561803
  -0.2063520   0.0075589   0.1166155   0.0937756   0.4495406   0.0047156
  -0.4502505   0.3839422   0.1072047  -0.5515138  -0.4638543  -1.6068719
  -0.2030001  -0.1391876  -0.1876330   0.1460766  -0.8354406   0.8472809
  -0.1021479  -0.2032287  -0.1489372  -0.0686431   0.0073880  -0.1043846
  -0.1723682  -0.2849413   0.2108055   0.1666570  -0.2282421  -0.0819079
  -0.0023029  -0.1932041   0.3252751  -0.2125331  -0.1139351   0.1767491
   0.0957196   0.0395481  -0.1887000   0.9844834  -0.3981966   0.2697910
   0.1993477  -0.2009604  -0.0684154  -0.5071018   0.0024948  -1.2337367
  -0.0393450  -0.2017646   0.0165649  -0.1979877   0.0299195   0.2146598
   0.0626066   0.0799246   0.2807448  -0.0993280  -0.3041739  -0.1144717
  -0.1197842   0.1481833   0.2516208  -0.4953290   0.5130784  -0.5457700
  -0.2816615   0.9746241  -0.5769744  -0.6080129  -0.1745467  -0.0550209
   0.0612009   0.2304470  -0.1172388  -0.4509641   0.0737301  -0.2083615
   0.1508982   0.3223017  -0.0631234  -0.9278077  -0.3772460  -1.2665702
  -0.0384987   0.1142443  -0.0616750  -0.1379565  -0.7832659   0.8636394
  -0.2527041  -0.4411967  -0.4437703   0.3258446   0.1715305  -0.2690088
   0.3333288   0.1565415   0.0718026  -0.1388526   0.0010306   0.1652137
  -0.1696407   0.0062770   0.1285697  -0.4171289   0.5196461  -0.0699951
   0.3891300   1.0610984   0.8915220   0.5233808  -1.3858332  -0.8107145
   0.0789205  -0.2430384  -0.0246203  -0.1479594   0.0363026   0.2339847
   0.4509181   0.1208291   0.0388275  -0.6868371   0.1858610   0.6499447
   0.0247901  -0.1761646  -0.1237340   0.0953565   0.3813540  -0.6806635
  -0.5332182   0.0291081   0.0954702  -0.3027300   0.1946835  -0.2997275
   0.0615560   0.1190963  -0.1386433  -0.1270815   0.0262229  -0.3489201
  -0.5024887  -0.2430923   0.2131699  -0.1739893  -0.1209927  -0.3808564
   1.3251335  -0.1684308  -0.5838438   0.9503285   0.4495846   0.0527548
  -0.5376269   0.0456880   0.1490779  -0.0619769   0.1150274  -0.0236303
   0.0819474   0.3710151  -0.2285540  -0.7642739  -0.4709470  -0.4628387
   0.0475712  -0.0686879  -0.2793648  -0.2716602   0.2478551   0.3562939
   0.1766976   0.1420809  -0.0020746   0.0978567  -0.1270052   0.1225948
  -0.0951984   0.1828011  -0.3459338   0.0306744  -0.4431889   0.0955185
   0.0348864   0.5765802   0.2396191   0.3370308   0.1984570  -0.3206948
  -0.0668260  -0.1653872   0.1049456  -1.4183808  -0.4608776   0.1126544
   0.0285863   0.2590774   0.0845772   0.0377368  -0.1426824   0.1141088
   0.2178542   0.0430120  -0.1810987   0.1541527   0.3085666   0.0080583
   0.3143068  -0.0622679   0.3816963  -1.1397333  -0.4353536   0.7768003
   0.0087567  -0.1605916   0.0196556  -0.1304869  -0.3375363   0.2814792
  -0.0948046   0.1355806  -0.0038737  -0.6129902   0.3297572  -0.4934339
   0.2187917  -0.0716458   0.1402513  -0.4045887  -1.2146576   0.7428437
  -0.0216983   0.1359777  -0.0448698   0.0574059   0.0168191   0.3060826
   0.3532946   0.0047070   2.2708203  -0.0587397   0.4192767  -0.2355432
   0.0887669   0.3922632  -0.1610572  -0.2274825   0.0950644   0.1220102
   0.0015589  -1.4864641  -0.3184405   0.0686381   0.1206297  -0.3666884
   0.2765073  -1.6577401  -0.2320930   0.0166779  -0.0599385  -0.0765079
  -0.5031359   0.6237229   0.1024482   0.1043600  -0.3460223   0.1962085
   0.1039443  -0.0953608   0.0280355   0.0208688   0.1002519   0.1979022
  -0.2015600   0.1298035  -0.1682703   0.1172195   0.1799845  -0.0931695
   0.5617360   0.0245615  -0.6096855   0.1475346   0.1976449  -0.0065882
  -0.7828232   0.6598506  -0.3229489  -0.2808801   0.1113818   0.0299005
  -0.2896529  -0.0628074   0.0164018  -0.2200801   0.0952248  -0.4489171
  -1.6640816   0.0471967  -1.4302692  -0.0797596  -0.3508273   0.0725292
   0.5323276   0.3940676   1.2053223  -0.2858372   0.2249226   0.0428426
   1.0508058   1.1385265   0.7168492  -0.0947906   0.0953106  -0.1612658
   1.1856598   0.9215944   0.2429671  -0.3489846  -0.0100079   0.0029867
   1.0457322  -0.1078804   1.1815792  -0.0030627  -0.1671282   0.4755284
  -0.2799213   0.0744942   0.1650349   0.1799260   0.0909949  -0.0271907
   0.1784259  -0.2645158   1.9843176  -0.4419527   0.0780654   0.0020168
   0.1502683   0.1272363   0.1797545   0.3671516  -0.5354902  -0.3589869
  -0.1955904  -0.1601923   0.0090780   0.0664756  -0.0124039  -0.1582828
  -0.9255147   0.5385341   0.7640507  -0.1212392  -0.1413632  -0.1031984
  -0.1304580  -1.0319315   0.7353194   0.2373138  -0.1434859  -0.0563915
   0.0070432   0.2407878   0.0839659   0.8895110   1.6156628   1.9991725
   0.0236145   0.2057460   0.1441178   0.5296763  -1.0257066  -0.3114947
  -0.4981689   0.0694777  -0.2086405  -0.7840608   0.0205656   0.5426549
   0.1678986  -0.0102918   0.2356893  -0.1132195  -0.2223582   0.1194288
   0.0687007   0.2247397  -0.1920929  -0.4636336  -0.1739740  -2.1334696
  -0.2897675  -0.0608930   0.0704338   0.0859688   0.1128658   0.6605597
   0.1565623   0.0124489  -0.0981759   0.0887202   0.1489841   0.1172012
   0.6054873   0.1596349  -0.1871516  -0.7316942   1.0916794  -0.4333004
  -0.0156150   0.0873031  -0.0198931  -2.1222992  -0.1172241  -0.0116374
   0.1835701  -0.2471347  -0.0227916   1.0186995  -0.3684827   1.3339952
  -0.0612127   0.1483754  -0.3322259  -0.4899064  -1.6250361  -0.4838936
   0.1218189  -0.3213819   0.1298167  -0.5700800  -1.1985037   1.3091704
  -0.1363787  -0.0894474  -0.0014655  -0.2478424   0.1834644   0.1393106
  -0.0745220   0.3251847  -0.1384040  -0.2811788   0.5293297  -1.3716499
  -0.1572369  -0.2137157   0.0729109   1.4090409   0.8323770   0.7434222
  -0.1883280  -0.0560887  -0.0168840  -0.2779023   0.0899571  -0.1450294
   0.2036960  -0.0544364  -0.2665756  -0.1037926  -0.4490064  -0.2047406
  -0.8755605  -0.0033784  -0.2153111   0.1534536  -0.4464778   0.0800895
  -0.3247589  -0.2196380   0.6301336  -0.2057225  -0.2717928  -0.0868963
  -0.0874605   0.0147470   0.2300016   0.2874433   0.5583070  -0.2498570
   0.2378379   0.0451507   0.1312439  -1.4142656  -0.6033326   1.1083889
  -0.0784678   0.0081960  -0.2258449  -0.0776778  -0.4856642  -0.1324033
  -0.2945471  -0.1550021  -0.2244255   0.0636846  -0.2796637   0.2071855
   0.2411577  -0.6662137   0.0654034   0.0548750  -0.2457194   0.0911452
  -1.3254776   0.0901847  -0.2001189   0.2775294   0.3608066   0.1073051
  -0.1043259  -0.0191754  -0.0587609  -0.3018253  -0.1409865  -0.1677203
  -0.1668373  -0.1122579  -0.1301752   0.0004066   0.1024790   0.2546992
  -0.4204215  -0.1538440   0.0925137  -0.1505532  -0.0166203  -0.0877165
  -0.1419965  -0.0806634  -0.3533183  -0.0369450   0.0383764   0.1285574
  -0.9269702   1.1811368   0.0559321  -0.1245010  -0.3002169   0.1599703
  -0.1259327  -0.1257160   0.3074301  -0.3084025   0.4241836   0.1449678
   0.3888283  -0.1052258  -0.1629225  -1.2617379   0.5995830   1.2993112
  -0.1061307   0.1779835   0.3425189   0.1277495   0.3787471   0.4198440
  -0.0075724  -0.1425087  -0.0253853  -0.3013919  -0.0471879   0.0643710
  -1.5119128   0.1032277   0.0116218   0.1153536  -0.2789506  -0.0370180
   0.1620482  -2.2820473   0.1955975   0.0893804  -0.0948859   0.2119075
   0.0159433   0.1266280  -0.1212517  -0.0578899   0.0979624  -0.1943862
  -0.1583303  -0.0495775  -0.2441588   0.0336125   0.1656528   0.0525991
  -0.2236027  -0.6735003   0.0637617   0.6792805  -0.9063079   0.4932780
  -0.1444244   0.1370657  -0.4384507  -0.0412527   0.0030782   0.0347461
  -0.2593223  -0.1022734  -0.0891311   0.2225822   0.2624477   0.1574946
  -1.2528165  -0.0130841   0.7535434  -0.3212945  -0.0414718   0.1702770
  -1.1454292  -0.7587887  -0.0068450   0.3024147  -0.0299919   0.1053520
   0.2140619  -0.1125386  -0.2120398  -0.0266499  -0.1187727   0.1142309
   0.5081166   0.2307875   0.1842551  -1.0445616  -0.4832712   0.3231843
   0.3029672  -0.1767690  -0.0310073   0.7150018   0.5750564   0.9746080
   0.1295280  -0.4541501  -0.1831843  -0.1040606  -0.0728808   0.0896098
  -0.2571234   0.1596585   0.0568193   0.1020232  -0.3441900  -0.0668730
  -0.0207328   0.1961280   0.2882233   0.5370939  -0.3027044  -0.0076474
   0.5755933   0.1483251   2.5534182   0.4925804  -1.1419324   0.4650555
  -0.2020184   0.0650540  -0.6766912   0.2061807   0.0561365  -0.1251336
   0.0106818  -0.4499668   0.1709013  -0.6639034   0.0831192   0.9884532
  -0.1260815  -0.3523886   0.3888796  -0.1540461   1.3983641   0.1510880
  -0.2003816   0.1932422  -0.4968013  -0.5391286   0.1556682   0.0593668
   0.1095455  -0.1693114  -0.1746190  -0.3413648   0.5689233  -0.4560114
   0.1407984   0.1503760  -0.0452479  -0.0997128   0.0596968   0.1696186
   0.0075500   0.1343313  -0.2812337  -0.3787983  -0.2371276   1.4356806
  -0.1173150  -0.2656833  -0.0628724   1.0902393   0.2871534   0.7306195
  -0.3569803  -0.0789698  -0.0335846  -0.0673374   0.0416816   0.0185817
  -0.0878146  -0.1227941  -0.2366482   0.1012511   0.1021979  -0.3452821
   0.2063494  -0.1115583  -0.1322076   0.3279106  -0.1986055  -0.2692139
  -0.8490734   1.3462776  -0.9353094  -0.2120777  -0.1573919  -0.1440151
   0.2727369  -0.6165548  -0.1664577   0.3509932   0.0726862  -0.0835103
   0.3425477   0.3219866   0.1172996  -0.0544447  -0.2059510   0.1030943
   0.2379006   0.2895447  -0.2367633   0.3400274  -0.1726583   0.1488455
  -0.2528942  -0.1524641   0.4171505  -0.4465776   0.0924233  -0.0499012
  -0.2119407  -0.1427581   0.1336909   0.4385924   1.1289907   0.2903380
  -0.1409287   0.2988863  -0.0139457   0.8294662   0.0427221  -1.7121427
  -0.0089245   0.3410175  -0.0886653   0.3859762  -0.1566267   0.0315706
   0.0548066  -0.4173972  -0.3286531  -0.0482355   0.4070995   0.2503173
  -0.1349612   0.2027313   0.2413846  -0.0576798  -0.2997395   0.1961464
   0.4417015  -0.1665115   0.0517338  -0.2798204   0.1736720  -0.2025315
  -0.1246623  -0.1846983  -0.7541814   0.3658612  -0.0245766  -0.0251726
   0.4894884   0.9230669  -0.6623137  -0.0660748   0.0007346  -0.0104540
  -0.1152835   0.0369237  -0.1929038  -0.1580072  -0.0807178   0.1190902
   0.2180767  -0.0471254   0.0549655   0.0727027  -0.0460180  -0.1271519
  -0.1183723   0.1211081   0.0100015   0.3318218   0.0044635   0.4847847
  -0.0785727   0.3459095   0.3635544  -0.8982400   0.3994768  -0.3216254
  -0.1759786  -0.1445577   0.0837187   0.1894026  -0.0757872  -0.1591918
   0.3029244   0.1521366   0.2892997   0.0629953   0.0565325   0.0851570
  -1.1318324  -0.4604963  -0.2207331  -0.2878861   0.2194333   0.3900394
  -0.0252421   0.4424423   0.0938388  -0.0426820   0.1404063   0.1879854
   0.0547197   0.2875959  -0.2854230  -1.1182028   1.3406042  -0.0132469
  -0.1434852  -0.4566300  -0.2117756   0.5075994   0.2065420  -0.0492314
   0.0457932   0.0668439  -0.1436542  -0.0672954  -0.1227561   0.1252072
   0.0671464   0.1977240  -0.2192885  -0.0115533   0.2848384   0.1412867
   0.5889779  -1.7954273  -0.5912441  -0.1845692   0.0410638   0.3520967
   0.1666070   0.5007495  -1.8690577  -0.0146818  -0.0275431  -0.0739731
  -0.2714657   0.4786135   0.1825648  -0.5264082  -0.2502097   0.1195507
   0.2679006   0.1595715   0.2675823  -0.0886208  -0.0788335   0.0797120
   0.0839367  -0.0952020  -0.0334243  -0.0733252   0.1210365   0.2202127
  -1.3551447   0.2355218  -0.7886871  -0.0284767  -0.1014486  -0.6840855
   2.4876349   0.0725179   0.2337602  -0.1091353  -0.1885620  -0.0420644
   0.3116915   0.3144032   0.1426882   0.0692192  -0.0584634  -0.1801183
  -0.1847418   0.0890802  -0.0492691  -0.1893458  -0.2123313  -0.0382003
   0.1860912  -0.3187413  -1.1627569   1.1051486   1.2727087   0.5337401
   1.3042091  -0.9303773   1.0001340   0.4741598  -0.2218061   0.2925346
  -0.0546199   0.2463168  -0.0131337   0.2963866  -0.3318110   0.0323333
  -0.4259543   0.1423546   0.3119795  -0.4197519  -0.0358627  -0.0213906
   0.5434373  -0.9627966   0.4740824  -0.3036232  -0.2977793   0.0459951
  -0.1838108  -0.1050247  -0.0348666   0.1459554  -0.0391226   0.2075985
   0.3383916  -0.0657342   0.1785273  -0.8185844   0.0911150   0.8866570
  -0.2005482  -0.8937315  -1.0146321  -0.1557198   0.0416697   0.0361996
   0.0203834   0.2921603  -0.0745612  -0.1348821   0.1460470  -0.0714913
  -0.4942535   0.2053502   0.4660038  -0.1313377  -0.1522119   0.0167549
  -0.4899599   1.0483719   0.3222495  -0.0668914  -0.3329119  -0.0442553
  -0.2709781  -0.3246949   0.0056713   0.2074834  -0.2643024  -0.2925592
  -0.3570743   0.1220223   0.1707527   0.2116244  -0.0787818   0.0151205
  -0.3896801   0.2665971   0.2921283  -0.1699048   0.2616973  -0.0935266
  -0.0036567  -0.1088440  -0.0756666   0.2814508  -0.4703326   1.6784364
  -0.3105837  -0.2093744   0.1930590  -0.3496923   0.4542622   0.6567436
   0.1007537  -0.2936764   0.0055288  -0.3525158   0.0655406  -0.2607875
  -0.1293098  -0.1574444   0.0550179  -0.0363375  -0.0752178   0.0903198
   0.2485126  -0.1999114  -0.1659740  -0.1622367   0.0721158   0.0905961
   0.1075313  -0.2494675  -0.0158967  -0.2044799  -0.9480800   1.1988247
  -0.1863587  -0.2530383   0.0954268   0.1179096  -1.0311586  -1.3245561
  -0.1737381  -0.0101498  -0.0555988  -0.3425523  -0.3485392  -0.1185316
   0.0462997  -0.4443870  -0.0622133   0.3285802   0.4762311   0.0070879
   0.1371281  -0.2475437   0.1689417   0.0277607   0.1811974  -0.0523607
  -0.0339845   0.1363216   0.1672519   0.5949575   0.5654132  -0.2486477
   0.0170241   0.0764038  -0.0245942   0.4237183  -0.9923186  -0.7880361
   0.1598860   0.6881851   0.1534206   0.1226193   0.1835737   0.0970694
   0.0324174   0.1652637   0.0172881  -0.0765760   0.3487721   0.2144976
   0.3615558  -0.3222742   0.2373420   0.3345016  -0.3345133  -0.0178035
  -0.7621560   0.3769970  -1.9810526  -2.0145319  -1.1119233  -0.2024383
  -0.2054821   0.0385032   0.2073950   0.0271467  -0.1842206   0.1114964
  -0.3463157   0.3456590   0.0998928  -0.7914762   1.2014592   0.8489585
  -0.1753619  -0.2636887  -0.3035024  -0.2827886   0.0447447   1.0885290
   0.0565989  -0.0561081   0.0488007   0.2610950  -0.3702965  -0.2429161
   0.3634467   0.3128097  -0.1069687  -0.0538381   0.0148971  -0.0306058
  -0.6466269  -0.0808434  -0.5838491  -0.2491304   0.0373161  -0.0130820
  -0.3822361   0.6898723   0.3391759   0.3655670   0.0293069   0.0742383
   0.0464573  -0.1645601   0.0325158   0.0558319  -0.0587147  -0.0401923
   0.0817118  -0.3822424   0.2318565   0.1761700   1.5699526  -0.4209783
   0.0502500   0.2171140  -0.0807330  -0.2799008  -0.6474073  -0.0976344
   0.1197088  -0.0988474  -0.0823417  -0.1497138   0.0098668   0.5780494
  -0.0055354   0.0090448   0.0023549  -0.0254828   0.3616452  -0.1943120
  -0.3282635   0.1173951  -0.0564657   0.8695976   1.3108097  -1.1687394
   0.3478322  -0.1329691   0.0797232   0.9339496  -0.8042294   1.9892913
   0.4223308   0.3496857  -0.1518256  -0.2792130  -0.2899762   0.0862386
   0.0920760   0.2722484  -0.2696186  -0.0245459   0.0730069   0.0580182
