>>-------------------- Decoy set detailed informations --------------------<<
ID:        1I6C
Length:   39      Class: Beta protein

Protein sequence and second structure: (H->helix;E->sheet;C->coil)
KLPPGWEKRMSRSSGRVYYFNHITNASQWERPSGNSSSG
CCCCCEEEEECCCCCCEEEEECCCCEEECCCCCCCCCCC

EVENNESS:   0.888  npwRMSD:   0.907
RMSD-BIN  >0<  >1<  >2<  >3<  >4<  >5<  >6<  >7<  >8<  >9< >10< >11<  >12 TOTAL
N_Decoy     1   12   25   30   30   29   30   30   35   30   28   19    1   300

Name                  RMSD SEC_PCT R_GYRAT CNT_NUM
1I6C.pdb              0.00   33.33   10.52   9.447
decoy0_1.pdb          0.23   38.46   10.50   9.269
decoy1_1.pdb          1.37   43.59   10.58   9.091
decoy1_2.pdb          1.41   38.46   10.75   9.982
decoy1_3.pdb          1.15   33.33   10.52   9.447
decoy1_4.pdb          1.39   33.33   10.67   8.200
decoy1_5.pdb          1.78   38.46   10.82   7.665
decoy1_6.pdb          1.60   38.46   10.82   8.913
decoy1_7.pdb          1.24   48.72   10.49   9.447
decoy1_8.pdb          1.95   38.46   10.66   8.734
decoy1_9.pdb          1.96   33.33   10.84   8.200
decoy1_10.pdb         1.40   33.33   10.60   8.913
decoy1_11.pdb         1.62   33.33   10.47   9.804
decoy1_20.pdb         2.85   43.59   11.16   7.843
decoy1_22.pdb         2.81   38.46   11.13   7.487
decoy1_19.pdb         2.40   38.46   10.62   7.487
decoy1_12.pdb         2.79   38.46   11.18   9.447
decoy1_13.pdb         1.99   33.33   10.85   8.021
decoy1_14.pdb         2.55   33.33   10.52   7.487
decoy1_15.pdb         2.93   33.33   10.80   7.487
decoy1_16.pdb         2.64   33.33   10.58   7.487
decoy1_17.pdb         2.18   38.46   10.99   7.665
decoy1_18.pdb         2.21   38.46   10.79   7.843
decoy1_21.pdb         2.54   33.33   10.47   8.021
decoy1_23.pdb         2.65   33.33   10.24   9.804
decoy1_24.pdb         2.82   38.46   11.25   9.091
decoy1_31.pdb         3.02   38.46   11.11   7.487
decoy1_30.pdb         3.39   38.46   11.58   7.130
decoy2_14.pdb         5.84   46.15    9.69  11.230
decoy2_35.pdb         6.84   51.28    9.72  11.230
decoy4_1.pdb          4.96   43.59   10.43   8.021
decoy4_8.pdb          5.90   43.59   10.12   8.378
decoy4_27.pdb         6.28   58.97    9.41  10.160
decoy4_44.pdb         6.66   41.03    9.36  10.695
decoy4_92.pdb         7.89   56.41    9.41  12.656
decoy4_156.pdb        8.11   61.54    9.57  12.121
decoy5_2.pdb          2.88   46.15   10.25   8.200
decoy5_1.pdb          2.66   38.46   10.09   8.021
decoy5_3.pdb          2.90   58.97   10.42   9.091
decoy5_7.pdb          3.48   33.33   10.24   8.913
decoy5_21.pdb         4.23   41.03   10.39   8.378
decoy5_23.pdb         5.74   66.67   10.00   8.378
decoy5_100.pdb        6.42   28.21    9.64  11.586
decoy5_120.pdb        6.98   38.46    9.19  13.191
decoy6_22.pdb         7.02   43.59   10.00   9.804
decoy6_46.pdb         7.67   41.03   10.08   9.982
decoy6_85.pdb         7.97   41.03   10.47  10.339
decoy6_144.pdb        8.98   41.03    9.56  10.695
decoy7_3.pdb          4.98   48.72    9.74   8.734
decoy7_8.pdb          5.77   66.67   10.28   9.447
decoy7_22.pdb         6.97   46.15    9.90  11.230
decoy7_21.pdb         6.26   56.41   10.06  10.873
decoy7_30.pdb         7.08   43.59    9.88  10.873
decoy7_38.pdb         8.08   48.72   10.18   9.804
decoy8_118.pdb       10.23   64.10   10.57  14.973
decoy9_1.pdb          3.68   41.03    9.84   9.804
decoy9_6.pdb          4.36   58.97   10.29   9.626
decoy9_22.pdb         5.60   43.59   10.58   8.021
decoy10_10.pdb        3.69   38.46   10.45   9.269
decoy10_13.pdb        3.96   33.33   10.52   8.913
decoy10_1.pdb         4.04   43.59   10.46   8.378
decoy10_40.pdb        3.91   38.46   10.58   8.378
decoy10_23.pdb        4.66   53.85   10.77   9.269
decoy10_24.pdb        4.20   43.59   10.32   9.626
decoy10_87.pdb        5.93   41.03   10.10  10.517
decoy10_76.pdb        5.82   38.46    9.42  11.943
decoy10_141.pdb       6.58   41.03    9.73  10.160
decoy10_262.pdb       9.14   43.59   10.06  11.408
decoy11_1.pdb         3.84   38.46   10.57   8.200
decoy11_21.pdb        4.52   43.59   10.11   7.308
decoy11_11.pdb        4.54   35.90   10.13   7.308
decoy11_50.pdb        5.31   33.33   10.18   8.556
decoy11_173.pdb      10.44   46.15   10.53   9.982
decoy12_86.pdb       10.21   53.85    9.89  11.765
decoy13_10.pdb        6.86   56.41    9.43  11.230
decoy13_41.pdb        7.96   58.97    9.70  10.517
decoy13_51.pdb        7.96   58.97    9.76  10.873
decoy13_96.pdb        8.09   58.97   10.62  10.160
decoy13_122.pdb       8.09   51.28    9.82  12.299
decoy13_143.pdb       9.04   38.46    9.64  10.160
decoy14_2.pdb         4.92   38.46   10.07   9.804
decoy14_7.pdb         5.72   28.21    9.82   7.487
decoy15_1.pdb         2.56   28.21   10.35   9.626
decoy15_2.pdb         3.90   38.46   10.43   7.843
decoy15_14.pdb        4.83   46.15   10.52   8.913
decoy15_29.pdb        5.34   46.15    9.10   9.447
decoy15_31.pdb        7.01   51.28   10.16  11.943
decoy15_75.pdb        7.91   58.97    9.83  11.765
decoy15_130.pdb       8.27   58.97    9.77  12.656
decoy16_1.pdb         2.39   43.59   10.67   7.843
decoy16_2.pdb         2.42   43.59   10.61   7.843
decoy16_3.pdb         2.43   38.46   10.62   8.200
decoy16_6.pdb         3.80   56.41   10.68   8.556
decoy16_8.pdb         3.13   43.59   10.35   8.200
decoy16_18.pdb        3.86   58.97   10.11  10.517
decoy16_4.pdb         3.76   51.28   10.44   8.734
decoy16_28.pdb        4.89   58.97   10.31   8.378
decoy17_5.pdb         5.90   28.21    9.45   9.626
decoy17_14.pdb        6.14   17.95    9.41  10.160
decoy17_25.pdb        7.76   61.54   10.13  12.478
decoy17_72.pdb        8.35   58.97   10.44  10.695
decoy17_140.pdb       9.77   58.97   10.39  12.834
decoy17_92.pdb        9.99   48.72   10.61  14.439
decoy17_160.pdb      10.24   66.67   11.16  13.547
decoy18_1.pdb         8.02   66.67   10.25  11.052
decoy18_72.pdb        8.44   61.54   10.19  13.191
decoy18_98.pdb        9.35   61.54    9.44  11.943
decoy18_160.pdb      10.43   56.41   10.78  13.547
decoy18_136.pdb      10.38   53.85   10.59  14.795
decoy18_148.pdb      10.29   53.85   10.51  14.617
decoy18_116.pdb      10.45   56.41   10.62  14.617
decoy19_6.pdb         4.84   38.46    9.83   9.091
decoy19_19.pdb        5.53   43.59    9.61   7.665
decoy21_1.pdb         3.75   43.59    9.96   7.665
decoy21_11.pdb        4.59   56.41    9.79   8.913
decoy21_24.pdb        5.89   43.59    9.80   8.913
decoy21_30.pdb        6.98   56.41   10.40   6.417
decoy21_51.pdb        7.92   48.72   10.29  11.408
decoy21_92.pdb        8.50   53.85   10.16  12.478
decoy21_141.pdb       9.16   64.10    9.98  12.834
decoy22_1.pdb         2.96   35.90   10.73   8.556
decoy22_12.pdb        3.75   43.59   10.61   8.378
decoy22_31.pdb        4.49   35.90   10.28   9.982
decoy22_34.pdb        4.76   46.15   10.33   7.843
decoy22_73.pdb        5.78   35.90   10.30  11.408
decoy22_68.pdb        5.17   38.46   10.12   8.200
decoy23_1.pdb         4.58   35.90    9.96   8.913
decoy23_7.pdb         5.36   48.72   10.52   8.913
decoy23_69.pdb        6.28   43.59    9.70  11.943
decoy23_34.pdb        6.84   35.90    9.86  10.339
decoy23_104.pdb       7.61   35.90   10.46  10.873
decoy23_163.pdb       8.33   53.85    9.23  12.121
decoy23_200.pdb       9.58   53.85   10.50  12.299
decoy24_2.pdb         2.43   38.46   10.63  10.517
decoy24_3.pdb         2.56   41.03   10.58   8.913
decoy24_5.pdb         2.15   41.03   10.43   9.447
decoy24_1.pdb         2.42   35.90   10.50   8.734
decoy24_4.pdb         2.75   35.90   10.71   8.378
decoy24_31.pdb        3.38   41.03   10.78   8.556
decoy24_11.pdb        3.63   41.03   10.26   8.734
decoy24_14.pdb        3.96   41.03   10.47   8.200
decoy24_23.pdb        3.77   35.90   10.26   8.378
decoy24_25.pdb        3.77   41.03   10.29   8.556
decoy24_63.pdb        4.36   35.90   10.01   9.091
decoy24_74.pdb        4.31   35.90   10.62   7.665
decoy24_82.pdb        4.82   30.77    9.68   9.269
decoy24_38.pdb        4.30   35.90    9.96   8.913
decoy24_78.pdb        4.74   41.03    9.51   9.626
decoy24_96.pdb        5.22   41.03    9.59   8.734
decoy24_135.pdb       5.15   46.15    9.78   7.843
decoy24_86.pdb        5.36   53.85    9.23  10.160
decoy24_138.pdb       6.11   30.77    9.92  11.052
decoy24_155.pdb       8.49   51.28    9.74   9.269
decoy25_36.pdb        3.26   48.72   10.45   9.269
decoy25_14.pdb        3.56   38.46   10.30   9.091
decoy25_17.pdb        3.49   43.59   10.28   8.734
decoy25_5.pdb         3.30   41.03   10.43   8.913
decoy25_8.pdb         3.29   38.46   10.53   8.556
decoy25_10.pdb        3.97   38.46   10.41   9.447
decoy25_11.pdb        3.81   38.46   10.39   9.626
decoy25_16.pdb        3.29   48.72   10.45   9.269
decoy25_21.pdb        3.92   38.46   10.37   9.447
decoy25_40.pdb        4.73   48.72   10.28   7.665
decoy26_5.pdb         6.81   38.46   10.39   9.269
decoy26_110.pdb       9.88   38.46   10.35  12.834
decoy26_133.pdb       9.99   66.67   10.38  13.191
decoy27_1.pdb         5.45   12.82   10.40   5.526
decoy27_137.pdb       9.99   48.72    9.44  11.586
decoy29_4.pdb         5.82   30.77   10.07   8.200
decoy29_124.pdb       9.98   15.38    9.89  10.517
decoy29_133.pdb      10.32   35.90    8.88  13.904
decoy32_3.pdb         6.87   43.59   10.09   9.626
decoy32_57.pdb        7.62   64.10   10.48  13.012
decoy32_78.pdb        8.88   69.23    9.76  14.617
decoy32_118.pdb       8.98   64.10    9.84  13.904
decoy32_162.pdb      10.19   53.85   11.14  12.478
decoy33_1.pdb         3.71   35.90    9.78  13.369
decoy33_30.pdb        4.97   43.59    9.59   8.200
decoy33_67.pdb        5.09   51.28    9.73   8.913
decoy33_78.pdb        5.10   64.10    9.62   8.378
decoy33_136.pdb       6.02   48.72    9.61   8.556
decoy33_101.pdb       7.06   41.03    9.78   9.269
decoy33_106.pdb       6.81   48.72    8.96   9.091
decoy33_147.pdb       7.18   53.85    9.70  10.517
decoy33_197.pdb       8.11   66.67   10.21  12.656
decoy33_216.pdb       9.65   43.59   10.25  12.121
decoy34_3.pdb         8.07   41.03    8.69  13.191
decoy34_14.pdb        8.89   46.15    9.78  11.230
decoy34_70.pdb        9.61   41.03    9.01  12.299
decoy34_74.pdb        9.19   51.28    9.90  10.873
decoy34_129.pdb      10.70   33.33   10.84  10.517
decoy34_128.pdb      10.25   38.46    9.33  13.191
decoy34_144.pdb      10.61   25.64   10.57  11.943
decoy36_162.pdb      11.30   48.72   10.87  13.547
decoy36_163.pdb      11.00   43.59   10.54  15.686
decoy37_5.pdb         7.82   61.54    9.79  14.439
decoy37_43.pdb        8.26   61.54   10.16  13.725
decoy37_73.pdb        9.82   48.72    9.88   9.447
decoy37_112.pdb      10.09   38.46    9.81   9.269
decoy39_37.pdb        7.80   66.67   10.84  13.191
decoy39_67.pdb        8.52   53.85   10.24  13.369
decoy39_113.pdb       9.19   61.54   10.19  15.508
decoy39_122.pdb      10.01   28.21   10.03   5.882
decoy40_1.pdb         4.64    5.13   10.20   6.595
decoy40_11.pdb        5.77   46.15    9.40   9.269
decoy40_26.pdb        6.59   53.85    9.05  11.943
decoy40_73.pdb        7.29   51.28    9.30  13.369
decoy40_137.pdb       8.40   58.97    9.90   8.913
decoy40_152.pdb       9.15   58.97   10.52   9.447
decoy41_139.pdb      10.54   53.85   10.39  12.834
decoy43_5.pdb         4.58   30.77   10.24   5.704
decoy45_64.pdb       11.52   38.46    9.28  11.586
decoy45_65.pdb       11.40   53.85    9.32  13.725
decoy46_1.pdb         4.10   30.77   10.12   7.665
decoy48_1.pdb         4.82   10.26   10.51   7.130
decoy48_5.pdb         5.17   48.72   10.02  10.873
decoy49_128.pdb      10.85   28.21    9.55   8.734
decoy49_131.pdb      11.15   20.51   10.05   8.913
decoy50_9.pdb         7.90   51.28    9.89  13.369
decoy50_55.pdb        8.94   56.41   10.54  13.012
decoy50_118.pdb       9.28   53.85   10.51  11.943
decoy50_111.pdb       9.16   48.72   10.52  12.478
decoy50_109.pdb       9.39   61.54   10.57  12.656
decoy50_151.pdb      10.03   28.21    9.50  10.339
decoy54_31.pdb        6.85   38.46    9.56   9.447
decoy54_48.pdb        7.91   30.77    9.96   4.813
decoy54_104.pdb       8.53   51.28    9.69   9.982
decoy54_173.pdb       8.95   56.41    9.72  10.339
decoy54_147.pdb       9.10   41.03    9.10  12.834
decoy54_192.pdb      10.18   38.46   10.72   6.061
decoy54_199.pdb      11.81   48.72   10.46   8.556
decoy54_202.pdb      11.90   43.59   10.47   9.626
decoy54_205.pdb      11.81   30.77   10.45   8.734
decoy54_208.pdb      11.86   43.59   10.34   9.091
decoy54_209.pdb      11.91   25.64   10.44   8.556
decoy54_211.pdb      11.94   48.72   10.46   9.626
decoy54_213.pdb      11.98   48.72   10.50   9.447
decoy54_198.pdb      11.89   51.28   10.57   8.734
decoy54_201.pdb      11.83   43.59   10.56   8.200
decoy54_203.pdb      11.98   48.72   10.47   8.734
decoy54_204.pdb      11.69   43.59   10.49   8.556
decoy54_206.pdb      11.95   30.77   10.55   8.734
decoy54_207.pdb      12.02   20.51   10.54   9.091
decoy54_200.pdb      11.20   23.08   12.03   2.852
decoy54_210.pdb      11.02   23.08   11.95   2.496
decoy55_164.pdb      10.49   66.67   10.93  11.230
decoy55_154.pdb      10.40   71.79   10.92  10.873
decoy58_3.pdb         6.69   43.59    9.96   8.913
decoy58_36.pdb        8.00   46.15   10.08  11.408
decoy58_19.pdb        7.83   53.85   10.26  11.052
decoy58_96.pdb        8.46   64.10   10.05  11.943
decoy58_58.pdb        8.28   58.97   10.32  11.765
decoy58_105.pdb       9.30   41.03    9.02  10.517
decoy59_48.pdb        6.82   46.15   10.29   7.487
decoy59_83.pdb        7.28   53.85    9.11  10.695
decoy59_91.pdb        7.87   66.67    9.80  11.052
decoy59_105.pdb       8.68   46.15   10.35  11.052
decoy59_138.pdb       8.58   64.10   10.03  11.230
decoy59_157.pdb       9.36   58.97   10.09   9.982
decoy59_166.pdb      10.03   51.28    9.13  11.230
decoy60_151.pdb      10.38   48.72    8.80  11.408
decoy61_6.pdb         7.07   43.59   10.02   5.882
decoy61_8.pdb         6.94   48.72    9.71   6.239
decoy61_82.pdb        6.98   28.21    9.19   7.843
decoy61_143.pdb       8.14   38.46   10.21   5.169
decoy61_164.pdb       9.36   71.79    8.61   8.021
decoy63_1.pdb         4.80   38.46   10.86   7.665
decoy63_19.pdb        6.01   23.08   10.43   9.269
decoy65_1.pdb         6.99   41.03    9.62  10.339
decoy65_8.pdb         7.72   53.85    9.78   9.626
decoy65_11.pdb        7.86   48.72    8.88  11.408
decoy65_31.pdb        7.99   64.10    9.84  10.339
decoy65_91.pdb        8.70   48.72    9.65  13.904
decoy65_93.pdb        8.57   35.90    9.52  14.082
decoy65_52.pdb        8.62   61.54   10.17  10.517
decoy65_103.pdb       9.12   28.21    9.99   4.991
decoy65_126.pdb      10.28   25.64   10.33   5.882
decoy65_125.pdb      10.28   25.64   10.31   5.704
decoy66_1.pdb         5.55   25.64    9.13   8.734
decoy66_9.pdb         6.57   28.21   10.18   6.774
decoy66_26.pdb        7.37   66.67   10.29   8.556
decoy66_106.pdb       8.46   69.23   10.32  12.478
decoy66_112.pdb       9.81   48.72    9.51  14.082
decoy66_140.pdb      10.10   56.41   10.13  11.765
decoy67_1.pdb         5.15    5.13   10.83   4.278
decoy67_14.pdb        6.84   33.33    9.15  10.339
decoy67_147.pdb       9.96   58.97   10.63  10.873
decoy67_178.pdb      10.47   43.59   10.55  10.517
decoy68_1.pdb         5.63   33.33   10.75   4.278
decoy68_12.pdb        6.32   28.21   10.50   3.565
decoy68_15.pdb        7.91   56.41   10.36  13.904
decoy68_78.pdb        8.91   61.54   10.16  11.943
decoy68_116.pdb       9.03   61.54   10.24  11.765
decoy68_130.pdb       9.98   43.59   10.21  14.439
decoy69_1.pdb         4.81   10.26   10.13   6.239
decoy69_12.pdb        5.69   23.08    9.94   6.595
decoy69_37.pdb        6.89   10.26    9.27  11.586
decoy69_75.pdb        7.20   46.15   10.10  12.478
decoy69_131.pdb       8.64   43.59    9.91   9.804
decoy69_202.pdb       9.08   56.41   10.18  15.152
decoy69_218.pdb      10.06   51.28    9.84  12.834
Average              6.702   44.47   10.15   9.908
Pcorr-to-dcyRMSD       -      0.27   -0.20   0.419
Native-rank-in-top1    -        No      No      No
Native-rank-in-top5    -        No      No      No
Native-Zscore          -    -0.905   0.698  -0.199