>>-------------------- Decoy set detailed informations --------------------<<
ID:        1YRF
Length:   35      Class: Alpha protein

Protein sequence and second structure: (H->helix;E->sheet;C->coil)
LSDEDFKAVFGMTRSAFANLPLWKQQHLKKEKGLF
CCHHHHHHHHCCCHHHHHHCCHHHHHHHHHHHCCC

EVENNESS:   0.860  npwRMSD:   0.901
RMSD-BIN  >0<  >1<  >2<  >3<  >4<  >5<  >6<  >7<  >8<  >9< >10< >11<  >12 TOTAL
N_Decoy    30   31   27   29   38   26   31   30   32   26    0    0    0   300

Name                  RMSD SEC_PCT R_GYRAT CNT_NUM
1YRF.pdb              0.00   71.43    8.95   2.989
decoy0_1.pdb          0.09   71.43    8.94   2.989
decoy1_25.pdb         0.95   71.43    8.78   2.989
decoy1_14.pdb         0.82   71.43    9.18   2.529
decoy1_19.pdb         0.89   71.43    8.76   3.218
decoy1_31.pdb         0.48   71.43    9.05   2.529
decoy1_42.pdb         0.94   71.43    8.76   3.218
decoy1_3.pdb          0.74   74.29    8.78   3.678
decoy1_7.pdb          0.57   68.57    8.87   3.218
decoy1_11.pdb         0.89   71.43    8.87   2.759
decoy1_12.pdb         0.50   65.71    8.91   2.759
decoy1_21.pdb         0.52   71.43    8.77   3.218
decoy1_36.pdb         0.67   68.57    9.03   3.218
decoy1_43.pdb         0.95   71.43    8.78   3.218
decoy1_2.pdb          0.68   65.71    8.95   2.989
decoy1_4.pdb          0.70   68.57    8.99   2.759
decoy1_5.pdb          1.04   80.00    9.14   2.529
decoy1_9.pdb          0.69   71.43    9.02   2.759
decoy1_15.pdb         0.97   80.00    9.14   2.529
decoy1_16.pdb         1.09   77.14    9.15   2.529
decoy1_20.pdb         0.69   71.43    8.93   2.759
decoy1_22.pdb         0.70   71.43    8.94   2.989
decoy1_27.pdb         0.26   71.43    8.90   2.989
decoy1_28.pdb         0.77   71.43    9.12   2.759
decoy1_30.pdb         0.22   71.43    8.91   2.989
decoy1_34.pdb         0.72   74.29    8.97   2.529
decoy1_35.pdb         0.71   71.43    9.01   2.759
decoy1_46.pdb         0.49   71.43    8.88   2.759
decoy1_51.pdb         1.68   77.14    8.98   3.448
decoy1_55.pdb         1.65   80.00    8.99   2.989
decoy1_59.pdb         1.55   74.29    9.12   2.529
decoy1_88.pdb         0.99   74.29    8.89   2.989
decoy1_90.pdb         1.28   77.14    9.14   2.989
decoy1_94.pdb         1.25   77.14    9.18   2.069
decoy1_62.pdb         1.56   77.14    9.17   2.759
decoy1_73.pdb         1.55   80.00    9.17   2.299
decoy1_74.pdb         1.55   77.14    9.18   2.759
decoy1_76.pdb         1.31   68.57    9.25   2.299
decoy1_79.pdb         1.29   77.14    9.11   2.299
decoy1_87.pdb         1.23   74.29    8.88   3.448
decoy1_91.pdb         1.18   74.29    9.04   2.529
decoy1_98.pdb         1.41   77.14    9.14   2.759
decoy2_1.pdb          0.90   62.86    8.93   2.759
decoy2_3.pdb          1.65   71.43    9.21   2.069
decoy3_4.pdb          0.85   65.71    9.25   1.839
decoy3_62.pdb         2.55   85.71    8.98   2.989
decoy3_300.pdb        7.23   82.86    8.97   2.989
decoy3_312.pdb        7.29   80.00    8.95   2.759
decoy4_1.pdb          0.87   71.43    8.81   3.448
decoy5_3.pdb          0.84   71.43    8.83   3.218
decoy6_10.pdb         1.45   68.57    9.08   1.839
decoy7_7.pdb          3.79   54.29    8.92   4.368
decoy7_75.pdb         5.46   88.57    9.16   1.609
decoy7_76.pdb         5.50   88.57    9.26   1.609
decoy7_78.pdb         5.46   88.57    9.17   1.839
decoy7_80.pdb         5.51   88.57    9.28   1.609
decoy7_211.pdb        6.97   77.14    8.80   2.299
decoy7_212.pdb        7.04   80.00    8.72   1.839
decoy8_17.pdb         4.93   85.71    9.24   2.069
decoy8_132.pdb        6.97   85.71    8.87   1.609
decoy8_167.pdb        7.00   88.57    8.88   1.379
decoy8_171.pdb        7.00   85.71    8.88   1.149
decoy8_179.pdb        7.04   82.86    8.82   1.839
decoy8_180.pdb        7.01   88.57    8.91   1.379
decoy8_195.pdb        7.07   88.57    9.12   1.379
decoy8_156.pdb        7.23   77.14    8.95   1.149
decoy9_3.pdb          1.94   74.29    9.01   1.609
decoy9_52.pdb         2.92   82.86    8.95   2.069
decoy9_59.pdb         2.99   82.86    8.99   2.069
decoy10_33.pdb        3.67   80.00    9.38   2.069
decoy11_6.pdb         1.86   65.71    9.03   2.759
decoy12_6.pdb         1.70   71.43    8.92   2.989
decoy12_83.pdb        2.60   80.00    9.00   2.759
decoy13_5.pdb         1.87   74.29    9.00   2.989
decoy14_15.pdb        1.92   68.57    8.48   4.598
decoy14_44.pdb        3.04   82.86    8.91   3.448
decoy15_2.pdb         1.98   77.14    9.37   0.920
decoy15_263.pdb       7.07   74.29    8.45   3.448
decoy15_267.pdb       7.11   85.71    8.46   3.448
decoy15_273.pdb       7.03   82.86    8.58   2.529
decoy16_1.pdb         1.79   74.29    8.65   3.678
decoy16_151.pdb       4.86   85.71    9.03   3.218
decoy16_215.pdb       5.63   94.29    9.57   1.379
decoy16_225.pdb       5.68   91.43    9.50   1.149
decoy16_212.pdb       5.69   88.57    9.23   2.529
decoy17_12.pdb        1.90   65.71    9.24   2.759
decoy17_62.pdb        2.86   82.86    9.23   2.069
decoy17_63.pdb        2.88   82.86    9.24   2.069
decoy17_56.pdb        2.75   85.71    9.00   2.759
decoy17_76.pdb        2.57   77.14    9.15   2.299
decoy17_100.pdb       2.88   74.29    9.30   1.839
decoy18_19.pdb        3.92   65.71    9.13   3.678
decoy19_20.pdb        1.80   74.29    9.41   1.379
decoy19_302.pdb       8.12   80.00    9.32   2.069
decoy19_304.pdb       8.62   71.43    9.42   1.609
decoy19_305.pdb       8.56   71.43    9.38   1.379
decoy19_307.pdb       8.24   65.71    9.03   2.759
decoy19_308.pdb       8.18   74.29    9.05   2.529
decoy19_309.pdb       8.79   62.86    9.49   1.149
decoy19_303.pdb       8.57   80.00    9.36   0.690
decoy19_306.pdb       8.56   71.43    9.35   1.609
decoy20_17.pdb        1.54   71.43    9.25   1.379
decoy21_13.pdb        2.84   74.29    9.35   1.609
decoy21_94.pdb        4.66   88.57    9.19   3.678
decoy21_259.pdb       7.10   94.29    9.23   2.529
decoy21_248.pdb       7.11   88.57    9.20   2.759
decoy21_257.pdb       7.83   85.71    8.96   2.989
decoy22_1.pdb         4.01   74.29    9.23   2.069
decoy23_1.pdb         1.86   71.43    9.19   2.069
decoy23_38.pdb        2.83   77.14    8.99   2.069
decoy23_220.pdb       6.65   85.71    8.87   1.609
decoy23_223.pdb       6.62   85.71    8.96   1.149
decoy24_4.pdb         1.89   71.43    8.77   2.529
decoy24_15.pdb        2.90   82.86    8.76   2.529
decoy24_45.pdb        2.81   85.71    8.87   2.759
decoy25_8.pdb         1.95   80.00    8.51   4.368
decoy25_74.pdb        2.92   82.86    8.53   4.598
decoy25_39.pdb        2.94   85.71    8.65   3.908
decoy25_41.pdb        3.03   85.71    8.64   3.678
decoy25_58.pdb        2.88   80.00    8.49   4.598
decoy26_17.pdb        3.90   85.71    8.88   2.299
decoy26_113.pdb       5.62   88.57    8.76   3.678
decoy27_3.pdb         1.68   68.57    9.23   1.149
decoy27_253.pdb       7.28   82.86    8.81   2.299
decoy27_248.pdb       7.59   82.86    9.17   2.529
decoy27_260.pdb       7.40   82.86    8.96   2.529
decoy27_275.pdb       7.41   77.14    8.80   2.299
decoy28_41.pdb        3.51   77.14    8.65   3.678
decoy29_2.pdb         4.58   82.86    9.15   2.299
decoy29_166.pdb       7.03   85.71    8.71   1.149
decoy29_183.pdb       7.02   85.71    8.75   1.149
decoy29_176.pdb       7.08   85.71    8.82   0.920
decoy29_182.pdb       7.11   82.86    8.81   0.920
decoy29_152.pdb       7.05   77.14    9.14   1.839
decoy29_204.pdb       8.72   77.14   11.10   3.678
decoy29_231.pdb       8.24   85.71    9.61   4.138
decoy29_201.pdb       8.01   82.86    8.81   3.448
decoy29_212.pdb       8.96   77.14   11.10   4.138
decoy29_203.pdb       7.97   80.00    8.41   2.299
decoy29_209.pdb       8.93   77.14   11.14   2.529
decoy29_210.pdb       8.10   74.29    8.85   4.138
decoy29_229.pdb       8.14   82.86    9.38   4.368
decoy29_236.pdb       8.05   71.43    8.86   4.138
decoy29_217.pdb       8.20   82.86    9.39   4.368
decoy29_222.pdb       8.17   77.14    9.33   5.287
decoy29_225.pdb       8.19   80.00    9.42   4.598
decoy29_226.pdb       8.28   82.86    9.51   4.598
decoy29_232.pdb       8.39   71.43    9.69   3.908
decoy29_242.pdb       8.19   74.29    9.44   4.598
decoy29_221.pdb       8.21   71.43    9.36   4.368
decoy29_227.pdb       8.36   65.71    9.32   5.517
decoy29_228.pdb       8.41   80.00   10.32   2.759
decoy29_230.pdb       8.24   74.29    9.40   4.598
decoy29_240.pdb       8.05   74.29    9.05   5.057
decoy29_244.pdb       8.64   57.14   11.30   2.069
decoy29_249.pdb       8.70   71.43    9.80   5.057
decoy29_253.pdb       8.96   80.00    9.65   5.057
decoy29_259.pdb       9.07   60.00    9.81   3.678
decoy29_265.pdb       9.03   85.71    9.79   3.678
decoy29_268.pdb       9.07   74.29    9.63   3.908
decoy29_251.pdb       9.08   71.43    9.90   3.448
decoy29_258.pdb       9.28   51.43    9.94   3.448
decoy29_272.pdb       9.29   68.57    9.92   3.678
decoy29_261.pdb       9.21   65.71    9.92   3.678
decoy29_263.pdb       9.02   74.29    9.89   3.448
decoy29_277.pdb       8.99   65.71   10.62   4.598
decoy29_252.pdb       9.04   71.43    9.79   3.678
decoy29_256.pdb       9.06   74.29    9.77   3.678
decoy29_260.pdb       9.22   74.29    9.88   3.908
decoy29_264.pdb       9.03   74.29    9.88   2.989
decoy29_270.pdb       9.16   57.14    9.90   3.218
decoy29_271.pdb       9.12   80.00    9.84   3.678
decoy29_273.pdb       9.14   51.43   10.75   4.138
decoy29_276.pdb       9.06   60.00   10.40   4.138
decoy29_254.pdb       9.01   68.57    9.67   4.138
decoy29_255.pdb       9.00   68.57    9.75   4.138
decoy29_257.pdb       9.02   60.00    9.80   3.448
decoy29_266.pdb       8.96   74.29    9.68   4.828
decoy29_267.pdb       9.06   68.57    9.68   5.057
decoy29_274.pdb       9.05   65.71   11.72   2.069
decoy29_275.pdb       9.07   62.86    9.56   3.448
decoy29_262.pdb       9.19   68.57    9.78   4.598
decoy29_281.pdb       9.04   54.29   10.77   3.218
decoy29_282.pdb       9.14   54.29   10.68   3.448
decoy29_269.pdb       9.00   71.43   10.67   4.828
decoy30_3.pdb         3.96   71.43    9.69   1.149
decoy31_3.pdb         3.00   65.71    9.18   1.149
decoy31_198.pdb       6.14   85.71    9.00   2.759
decoy32_17.pdb        2.85   68.57    8.71   4.368
decoy33_22.pdb        4.04   85.71    9.19   2.759
decoy33_83.pdb        4.43   85.71    9.37   2.529
decoy33_87.pdb        4.20   88.57    9.23   2.299
decoy34_35.pdb        2.82   68.57    9.12   2.069
decoy34_141.pdb       4.20   88.57    8.61   2.989
decoy34_220.pdb       6.12   74.29    8.74   1.839
decoy35_2.pdb         2.94   77.14    8.97   1.609
decoy36_21.pdb        2.97   60.00    9.03   2.069
decoy36_106.pdb       4.37   88.57    9.70   0.920
decoy36_111.pdb       4.40   85.71    9.76   0.920
decoy37_5.pdb         4.02   88.57    9.63   1.379
decoy37_129.pdb       5.06   88.57   10.21   1.839
decoy37_136.pdb       4.98   88.57   10.24   1.609
decoy37_138.pdb       4.99   88.57   10.20   1.609
decoy37_146.pdb       5.15   88.57   10.29   1.609
decoy38_1.pdb         2.74   54.29    9.15   2.759
decoy39_3.pdb         3.89   74.29    9.33   3.218
decoy40_16.pdb        3.71   68.57    9.24   2.989
decoy40_149.pdb       5.77   88.57    8.72   2.759
decoy40_152.pdb       6.57   91.43    8.98   2.069
decoy40_203.pdb       7.04   77.14    8.88   2.989
decoy41_5.pdb         3.86   80.00    8.96   2.759
decoy41_103.pdb       5.41   91.43    9.34   1.609
decoy41_173.pdb       6.54   88.57    8.78   2.069
decoy42_42.pdb        4.54   85.71    9.64   1.149
decoy43_14.pdb        3.37   91.43    9.38   2.299
decoy43_27.pdb        3.35   91.43    9.37   2.299
decoy43_67.pdb        4.07   91.43    9.18   2.299
decoy43_81.pdb        4.19   91.43    9.17   2.069
decoy43_83.pdb        4.12   91.43    9.23   2.759
decoy43_97.pdb        4.22   91.43    9.21   2.069
decoy43_100.pdb       4.19   91.43    9.25   2.069
decoy44_5.pdb         2.94   74.29    9.04   3.218
decoy44_74.pdb        4.99   91.43    9.30   1.609
decoy44_115.pdb       4.97   94.29    9.35   1.149
decoy45_29.pdb        3.90   80.00    9.02   3.678
decoy46_1.pdb         2.97   85.71    8.77   3.448
decoy46_43.pdb        3.61   88.57    8.94   3.218
decoy46_48.pdb        3.56   91.43    8.97   2.989
decoy46_109.pdb       5.15   82.86    8.63   2.759
decoy46_111.pdb       5.16   88.57    8.57   3.218
decoy46_118.pdb       5.26   82.86    8.57   2.759
decoy46_120.pdb       5.22   82.86    8.63   2.529
decoy46_124.pdb       5.27   88.57    8.65   2.529
decoy46_126.pdb       5.19   88.57    8.55   2.529
decoy46_182.pdb       6.95   80.00    9.29   2.299
decoy46_195.pdb       6.98   80.00    9.28   2.299
decoy46_198.pdb       6.86   80.00    9.35   2.299
decoy46_202.pdb       6.94   80.00    9.29   2.299
decoy47_1.pdb         2.94   77.14    9.18   1.609
decoy47_74.pdb        4.82   88.57    9.51   1.609
decoy47_75.pdb        4.94   88.57    9.59   1.379
decoy47_89.pdb        4.93   88.57    9.50   1.379
decoy47_91.pdb        4.92   88.57    9.52   1.609
decoy47_92.pdb        4.98   88.57    9.64   1.379
decoy47_94.pdb        4.83   88.57    9.51   1.609
decoy47_154.pdb       6.51   85.71    9.20   2.529
decoy47_155.pdb       6.57   85.71    9.27   2.299
decoy47_167.pdb       6.53   85.71    9.18   2.299
decoy47_171.pdb       6.56   85.71    9.24   2.069
decoy47_152.pdb       6.67   82.86    9.21   2.759
decoy47_161.pdb       6.58   85.71    9.28   2.529
decoy47_163.pdb       6.56   85.71    9.17   2.529
decoy47_168.pdb       6.53   82.86    9.22   2.299
decoy47_179.pdb       6.61   82.86    9.23   2.529
decoy48_41.pdb        2.98   68.57    9.30   1.609
decoy49_47.pdb        4.48   77.14    9.03   0.690
decoy50_3.pdb         3.98   82.86    9.54   2.989
decoy50_47.pdb        4.80   94.29   10.05   1.379
decoy50_75.pdb        5.14   94.29    9.88   2.299
decoy50_102.pdb       4.99   91.43    9.82   2.529
decoy51_1.pdb         2.94   74.29    9.08   2.759
decoy52_8.pdb         3.98   80.00    9.45   3.448
decoy52_68.pdb        4.78   94.29    9.69   2.759
decoy52_70.pdb        4.49   94.29    9.46   1.839
decoy52_37.pdb        4.31   94.29    9.28   2.299
decoy52_72.pdb        4.28   94.29    9.27   2.069
decoy52_109.pdb       5.12   94.29    9.52   3.218
decoy52_85.pdb        5.04   88.57    9.28   2.529
decoy52_111.pdb       5.00   88.57    9.69   2.299
decoy52_112.pdb       4.99   88.57    9.22   4.368
decoy53_19.pdb        3.87   85.71    9.39   1.839
decoy53_113.pdb       5.55   94.29    8.87   2.069
decoy54_4.pdb         2.93   65.71    9.15   2.529
decoy55_43.pdb        3.62   85.71    9.76   0.230
decoy56_3.pdb         4.06   85.71    9.01   3.448
decoy56_153.pdb       6.72   85.71    9.09   1.609
decoy56_163.pdb       6.75   85.71    8.98   1.609
decoy56_164.pdb       6.74   85.71    9.03   1.609
decoy57_5.pdb         3.67   71.43    9.38   0.920
decoy58_4.pdb         3.97   62.86    9.91   0.460
decoy58_128.pdb       6.28   80.00    9.12   1.839
decoy58_121.pdb       6.18   85.71    9.04   1.839
decoy58_127.pdb       6.24   85.71    9.01   2.069
decoy58_131.pdb       6.21   85.71    9.01   1.839
decoy59_25.pdb        3.99   88.57    9.18   2.069
decoy59_128.pdb       5.21   91.43    9.28   0.920
decoy60_33.pdb        4.70   74.29    8.91   3.678
decoy61_2.pdb         5.08   88.57    9.62   0.690
decoy61_62.pdb        5.36   91.43    9.77   0.690
decoy62_12.pdb        3.65   74.29    8.98   2.069
decoy62_137.pdb       6.15   82.86    8.71   2.529
decoy62_138.pdb       6.08   88.57    8.77   2.529
decoy62_188.pdb       7.80   82.86    8.81   3.908
decoy62_189.pdb       7.68   82.86    8.92   3.678
decoy62_194.pdb       7.69   82.86    8.80   3.908
decoy63_1.pdb         3.79   42.86    9.22   3.908
decoy63_110.pdb       6.86   91.43    8.95   2.529
decoy64_3.pdb         3.95   65.71    8.91   2.299
decoy64_198.pdb       7.19   71.43    8.10   4.138
decoy65_20.pdb        3.56   37.14    9.64   0.920
decoy66_2.pdb         3.98   82.86    8.65   3.448
Average              4.980   78.65    9.24   2.647
Pcorr-to-dcyRMSD       -      0.06    0.42   0.194
Native-rank-in-top1    -        No      No      No
Native-rank-in-top5    -        No      No      No
Native-Zscore          -    -0.744  -0.581   0.334