>>-------------------- Decoy set detailed informations --------------------<<
ID:        1WY3
Length:   34      Class: Alpha protein

Protein sequence and second structure: (H->helix;E->sheet;C->coil)
LSDEDFKAVFGMTRSAFANLPLWQQHLKKEKGLF
CCHHHHHHHHCCCHHHHHHCCCCHHHHHHHHCCC

EVENNESS:   0.833  npwRMSD:   0.884
RMSD-BIN  >0<  >1<  >2<  >3<  >4<  >5<  >6<  >7<  >8<  >9< >10< >11<  >12 TOTAL
N_Decoy     6   34   23   33   43   32   34   34   30   30    1    0    0   300

Name                  RMSD SEC_PCT R_GYRAT CNT_NUM
1WY3.pdb              0.00   64.71    8.98   3.202
decoy0_1.pdb          1.10   58.82    8.97   2.956
decoy1_1.pdb          0.98   70.59    8.80   3.448
decoy1_2.pdb          1.00   67.65    8.79   3.448
decoy1_5.pdb          0.91   61.76    8.91   3.202
decoy1_6.pdb          0.64   64.71    8.93   3.202
decoy1_8.pdb          0.89   61.76    8.97   2.956
decoy1_3.pdb          0.56   64.71    8.95   3.202
decoy1_4.pdb          0.59   64.71    8.92   3.202
decoy1_7.pdb          1.01   61.76    8.93   2.956
decoy1_11.pdb         1.65   70.59    8.93   3.448
decoy1_13.pdb         1.46   64.71    8.66   3.448
decoy1_16.pdb         1.50   67.65    8.65   3.695
decoy1_20.pdb         1.67   79.41    8.98   3.202
decoy1_23.pdb         1.50   70.59    8.73   3.695
decoy1_30.pdb         1.55   70.59    8.66   3.448
decoy1_34.pdb         1.43   73.53    8.74   3.695
decoy1_36.pdb         1.49   70.59    8.73   3.695
decoy1_42.pdb         1.40   67.65    8.63   3.695
decoy1_9.pdb          1.53   67.65    8.65   3.448
decoy1_17.pdb         1.42   73.53    9.14   2.217
decoy1_21.pdb         1.64   64.71    8.95   3.448
decoy1_28.pdb         1.69   67.65    8.95   3.448
decoy1_31.pdb         1.48   70.59    8.72   3.695
decoy1_62.pdb         2.82   85.29    9.34   2.463
decoy2_26.pdb         1.73   76.47    8.93   1.724
decoy2_27.pdb         1.59   76.47    8.92   1.232
decoy2_14.pdb         1.70   73.53    8.91   1.970
decoy2_23.pdb         1.71   73.53    8.91   1.724
decoy2_74.pdb         2.60   76.47    9.14   1.724
decoy2_75.pdb         2.49   76.47    9.16   1.478
decoy2_85.pdb         2.51   76.47    9.13   1.478
decoy2_86.pdb         2.52   79.41    9.20   1.724
decoy2_88.pdb         2.54   79.41    9.14   1.232
decoy2_66.pdb         2.53   79.41    9.15   1.724
decoy3_9.pdb          1.92   73.53    9.10   2.956
decoy4_7.pdb          1.94   76.47    9.27   2.463
decoy4_10.pdb         1.80   73.53    8.92   2.463
decoy4_22.pdb         1.65   61.76    9.03   2.217
decoy4_24.pdb         1.68   67.65    8.98   1.724
decoy4_45.pdb         1.57   67.65    9.01   1.478
decoy4_46.pdb         1.54   67.65    9.01   1.478
decoy4_77.pdb         2.74   79.41    8.71   3.448
decoy4_52.pdb         2.63   67.65    8.86   2.217
decoy4_76.pdb         2.88   85.29    9.19   2.217
decoy4_78.pdb         2.74   85.29    8.73   2.956
decoy4_89.pdb         2.88   85.29    9.16   1.970
decoy5_5.pdb          1.97   73.53    8.62   3.202
decoy6_1.pdb          3.68   73.53    9.15   3.202
decoy6_210.pdb        7.00   82.35    9.08   1.724
decoy6_277.pdb        9.02   50.00   13.96   2.217
decoy6_279.pdb       10.34   44.12   14.92   0.739
decoy7_24.pdb         1.93   70.59    8.65   3.448
decoy8_21.pdb         1.81   79.41    8.72   3.695
decoy9_3.pdb          3.04   79.41    9.08   2.463
decoy10_13.pdb        1.85   58.82    9.01   2.463
decoy11_2.pdb         2.83   61.76    8.87   2.956
decoy12_2.pdb         3.06   76.47    8.83   2.463
decoy12_274.pdb       8.15   70.59    8.41   6.650
decoy12_286.pdb       8.48   70.59    8.41   5.911
decoy12_271.pdb       8.26   73.53    8.44   6.404
decoy12_279.pdb       8.22   61.76    8.43   6.404
decoy13_1.pdb         3.90   73.53    9.05   1.970
decoy13_56.pdb        5.43   79.41    8.97   1.724
decoy13_179.pdb       7.26   79.41    8.52   1.478
decoy13_190.pdb       7.28   79.41    8.62   1.478
decoy13_199.pdb       7.26   76.47    8.59   1.232
decoy13_205.pdb       8.51   61.76    9.68   4.433
decoy13_203.pdb       8.58   76.47    9.76   4.433
decoy13_204.pdb       8.70   79.41    9.83   4.187
decoy13_202.pdb       8.55   76.47    9.72   4.433
decoy13_211.pdb       8.47   67.65    9.80   4.433
decoy13_218.pdb       8.23   73.53   10.30   3.695
decoy13_207.pdb       8.64   76.47    9.69   4.433
decoy13_210.pdb       8.96   76.47    9.63   4.433
decoy13_214.pdb       8.89   76.47    9.60   4.433
decoy13_215.pdb       8.46   70.59    9.74   4.187
decoy13_231.pdb       8.07   64.71   11.19   2.217
decoy13_245.pdb       8.12   61.76   11.19   1.970
decoy13_208.pdb       8.99   79.41    9.63   4.433
decoy13_225.pdb       8.87   73.53   11.41   1.478
decoy13_230.pdb       8.07   67.65   11.04   1.478
decoy13_234.pdb       8.11   76.47   11.07   1.724
decoy13_238.pdb       8.18   76.47   11.09   1.970
decoy13_243.pdb       8.24   67.65   11.03   1.970
decoy13_244.pdb       8.32   67.65   11.22   1.724
decoy13_248.pdb       8.21   67.65   10.98   1.724
decoy13_249.pdb       8.24   67.65   11.02   1.970
decoy13_279.pdb       9.04   79.41   11.96   1.724
decoy13_255.pdb       9.20   79.41   11.32   2.709
decoy13_252.pdb       9.19   76.47   11.30   2.709
decoy13_258.pdb       9.11   76.47   11.25   2.956
decoy13_263.pdb       9.13   79.41   11.97   1.232
decoy13_275.pdb       9.10   73.53   11.40   2.463
decoy13_253.pdb       9.18   79.41   11.29   2.709
decoy13_277.pdb       9.00   79.41   12.06   1.478
decoy13_272.pdb       9.14   82.35   11.30   2.956
decoy13_274.pdb       8.98   73.53   11.42   1.724
decoy13_271.pdb       9.14   76.47   11.16   2.956
decoy13_264.pdb       9.18   61.76   12.18   1.478
decoy13_283.pdb       9.03   61.76   12.18   1.232
decoy13_284.pdb       9.02   64.71   12.17   1.478
decoy13_285.pdb       9.27   64.71   12.31   1.478
decoy13_286.pdb       9.21   67.65   12.28   1.478
decoy13_288.pdb       9.05   67.65   12.10   1.970
decoy13_289.pdb       9.13   52.94   12.13   1.724
decoy13_292.pdb       9.02   67.65   12.14   1.724
decoy13_293.pdb       9.24   64.71   12.24   1.478
decoy13_254.pdb       9.32   79.41   11.38   2.956
decoy13_267.pdb       9.10   79.41   11.40   2.956
decoy13_276.pdb       9.41   61.76   12.48   0.985
decoy13_280.pdb       9.32   70.59   11.40   2.956
decoy13_281.pdb       9.39   67.65   12.44   1.724
decoy13_260.pdb       9.06   76.47   11.19   2.956
decoy13_270.pdb       9.39   67.65   11.29   2.956
decoy13_278.pdb       9.03   67.65   12.18   0.739
decoy13_259.pdb       9.12   76.47   11.24   2.956
decoy13_268.pdb       9.14   82.35   11.24   2.956
decoy14_1.pdb         4.01   55.88    8.72   3.941
decoy14_205.pdb       8.05   67.65    8.84   3.448
decoy14_223.pdb       8.04   76.47    8.38   3.941
decoy14_224.pdb       7.99   73.53    8.54   3.941
decoy14_210.pdb       8.04   67.65    8.74   3.695
decoy14_222.pdb       7.99   70.59    8.42   2.956
decoy14_225.pdb       8.14   70.59    8.62   3.941
decoy15_3.pdb         4.08   67.65    9.03   1.724
decoy16_27.pdb        1.84   70.59    8.81   3.202
decoy17_3.pdb         2.96   67.65    8.88   2.463
decoy18_2.pdb         3.02   55.88    8.71   3.448
decoy19_6.pdb         3.83   73.53    8.83   4.680
decoy20_2.pdb         4.05   82.35    9.01   5.665
decoy20_113.pdb       6.50   85.29    8.66   3.202
decoy20_114.pdb       6.54   85.29    8.65   3.202
decoy20_117.pdb       6.55   82.35    8.62   2.956
decoy20_118.pdb       6.53   85.29    8.65   2.709
decoy20_112.pdb       6.62   85.29    8.52   2.956
decoy21_6.pdb         2.80   73.53    9.11   1.724
decoy21_197.pdb       6.37   88.24    8.99   0.985
decoy21_211.pdb       6.29   91.18    8.98   1.478
decoy21_212.pdb       6.37   85.29    9.00   1.478
decoy21_213.pdb       6.39   85.29    9.05   1.232
decoy21_255.pdb       7.17   79.41    9.05   1.478
decoy21_261.pdb       7.05   79.41    8.71   2.463
decoy22_7.pdb         3.94   79.41    8.66   2.217
decoy22_57.pdb        4.17   91.18    8.51   3.448
decoy22_60.pdb        4.22   91.18    8.53   3.695
decoy22_65.pdb        4.23   91.18    8.48   3.448
decoy22_66.pdb        4.27   91.18    8.45   3.695
decoy22_68.pdb        4.30   91.18    8.47   3.695
decoy22_69.pdb        4.29   91.18    8.49   3.448
decoy22_197.pdb       6.32   85.29    8.90   2.956
decoy23_3.pdb         2.94   67.65    8.67   3.202
decoy23_124.pdb       5.16   88.24    8.89   4.187
decoy23_136.pdb       5.13   88.24    8.93   4.187
decoy23_140.pdb       5.09   88.24    8.91   4.433
decoy23_146.pdb       5.14   88.24    8.91   4.187
decoy23_159.pdb       5.16   88.24    8.94   4.187
decoy23_125.pdb       5.16   88.24    8.82   4.680
decoy23_138.pdb       5.23   88.24    8.82   5.172
decoy23_147.pdb       5.11   88.24    8.94   3.695
decoy23_149.pdb       5.15   88.24    8.92   4.187
decoy24_1.pdb         1.60   67.65    8.69   3.695
decoy24_203.pdb       5.47   79.41    8.54   2.463
decoy24_221.pdb       5.38   79.41    8.50   2.463
decoy24_210.pdb       5.49   82.35    8.51   2.463
decoy24_229.pdb       5.31   88.24    8.51   2.709
decoy24_207.pdb       5.35   88.24    8.53   2.709
decoy24_211.pdb       5.40   79.41    8.49   2.463
decoy24_220.pdb       5.45   88.24    8.50   2.709
decoy24_228.pdb       5.50   79.41    8.52   2.217
decoy25_8.pdb         2.92   76.47    8.69   2.956
decoy25_117.pdb       4.68   67.65    8.57   2.709
decoy25_131.pdb       4.67   70.59    8.43   2.709
decoy25_202.pdb       6.78   85.29    8.78   1.724
decoy25_276.pdb       7.30   85.29    8.90   2.709
decoy26_1.pdb         3.04   44.12    8.77   2.709
decoy27_28.pdb        2.00   64.71    9.01   1.478
decoy28_2.pdb         2.94   76.47    9.40   2.217
decoy28_124.pdb       4.32   88.24    9.22   2.217
decoy28_151.pdb       5.55   88.24    8.91   1.970
decoy29_2.pdb         3.00   58.82    8.31   2.463
decoy30_5.pdb         4.01   64.71    8.99   2.463
decoy31_6.pdb         3.82   79.41    8.78   3.448
decoy31_163.pdb       6.05   85.29    8.83   2.463
decoy32_5.pdb         3.00   85.29    8.95   2.463
decoy32_100.pdb       3.71   91.18    8.68   3.448
decoy32_52.pdb        4.03   82.35    8.20   4.680
decoy32_102.pdb       4.35   88.24    8.07   6.158
decoy32_106.pdb       4.14   91.18    8.27   5.665
decoy32_107.pdb       4.32   85.29    8.16   6.158
decoy32_115.pdb       4.27   79.41    8.11   5.665
decoy32_117.pdb       4.43   91.18    8.06   6.897
decoy32_118.pdb       4.36   91.18    8.09   7.143
decoy32_125.pdb       4.70   88.24    8.84   2.709
decoy32_136.pdb       4.33   82.35    8.06   6.158
decoy32_147.pdb       4.74   88.24    8.84   2.709
decoy32_152.pdb       5.35   94.12    9.36   1.970
decoy32_154.pdb       5.31   94.12    9.37   1.724
decoy32_159.pdb       5.34   88.24    9.31   1.970
decoy32_171.pdb       5.69   85.29    8.87   1.232
decoy32_172.pdb       5.59   82.35    8.85   0.985
decoy32_173.pdb       5.66   85.29    8.89   0.985
decoy32_176.pdb       5.62   85.29    8.92   0.985
decoy32_245.pdb       6.93   85.29    8.63   1.478
decoy32_228.pdb       6.97   85.29    8.62   1.724
decoy32_219.pdb       6.96   88.24    8.71   1.232
decoy32_233.pdb       6.93   88.24    8.76   1.232
decoy32_259.pdb       7.42   88.24    9.09   3.202
decoy32_262.pdb       7.38   91.18    9.01   4.187
decoy32_277.pdb       7.34   88.24    8.70   4.926
decoy32_261.pdb       7.41   91.18    9.06   3.202
decoy32_281.pdb       7.28   91.18    8.74   4.433
decoy32_293.pdb       7.44   88.24    9.15   3.941
decoy32_294.pdb       7.51   88.24    9.04   4.433
decoy32_253.pdb       7.38   91.18    9.02   2.956
decoy32_263.pdb       6.97   85.29    8.82   0.985
decoy32_282.pdb       7.11   82.35    8.81   0.985
decoy32_285.pdb       7.00   85.29    8.79   0.985
decoy32_286.pdb       7.40   91.18    8.96   4.187
decoy33_28.pdb        4.92   85.29    9.11   1.970
decoy33_78.pdb        5.13   85.29    9.06   2.709
decoy33_120.pdb       6.02   82.35    9.01   1.478
decoy33_197.pdb       7.04   67.65    8.83   1.478
decoy33_201.pdb       7.96   73.53    8.39   5.172
decoy34_1.pdb         2.99   61.76    9.06   4.187
decoy35_1.pdb         2.52   67.65    8.97   1.478
decoy36_23.pdb        3.01   64.71    9.05   1.724
decoy37_1.pdb         2.94   55.88    9.08   2.217
decoy38_10.pdb        3.84   73.53    9.07   1.970
decoy38_107.pdb       5.06   85.29    8.72   3.202
decoy38_134.pdb       5.19   88.24    8.61   3.941
decoy38_118.pdb       5.15   76.47    8.77   2.956
decoy39_20.pdb        4.77   67.65    8.37   3.941
decoy40_1.pdb         3.03   67.65    8.67   5.419
decoy40_58.pdb        4.83   94.12    9.10   3.202
decoy40_115.pdb       6.83   85.29    8.59   2.463
decoy40_116.pdb       6.86   79.41    8.56   2.463
decoy40_129.pdb       6.55   79.41    9.04   2.463
decoy40_150.pdb       6.50   79.41    9.11   2.709
decoy40_167.pdb       7.39   76.47    8.15   6.404
decoy40_170.pdb       7.38   76.47    8.12   6.404
decoy40_183.pdb       7.23   82.35    8.17   6.404
decoy40_172.pdb       7.38   67.65    8.15   6.404
decoy40_181.pdb       7.33   70.59    8.20   5.911
decoy41_4.pdb         3.00   82.35    9.04   3.202
decoy41_16.pdb        3.02   82.35    9.36   1.970
decoy42_1.pdb         4.12   79.41    9.28   1.970
decoy42_6.pdb         4.68   85.29    9.12   2.956
decoy42_11.pdb        4.74   88.24    9.14   2.217
decoy42_20.pdb        4.76   88.24    9.13   3.202
decoy42_23.pdb        4.97   85.29    9.01   4.680
decoy42_53.pdb        5.47   85.29    8.94   3.941
decoy42_69.pdb        5.24   88.24    9.27   2.463
decoy42_132.pdb       6.42   88.24    9.06   3.448
decoy42_111.pdb       6.03   85.29    8.87   3.202
decoy43_3.pdb         3.96   82.35    9.58   1.478
decoy43_200.pdb       6.87   82.35    8.54   2.217
decoy44_48.pdb        3.85   88.24    8.85   1.478
decoy45_8.pdb         3.92   52.94    9.45   1.478
decoy46_14.pdb        4.00   79.41    8.69   3.448
decoy46_153.pdb       6.51   79.41    8.99   2.463
decoy46_154.pdb       6.60   79.41    8.97   2.709
decoy46_155.pdb       6.46   85.29    8.97   2.709
decoy46_177.pdb       6.18   85.29    8.59   3.202
decoy47_9.pdb         3.84   67.65    9.39   1.232
decoy48_34.pdb        3.72   88.24    9.24   1.724
decoy48_174.pdb       6.48   91.18    9.19   1.478
decoy48_159.pdb       6.50   79.41    9.26   1.478
decoy48_169.pdb       6.50   88.24    9.22   1.478
decoy49_50.pdb        3.73   70.59    9.08   1.724
decoy49_179.pdb       6.26   85.29    8.62   1.724
decoy50_4.pdb         3.45   91.18    9.33   2.217
decoy50_57.pdb        4.39   88.24    9.45   0.985
decoy50_67.pdb        4.30   88.24    9.32   0.985
decoy50_73.pdb        4.33   73.53    9.36   1.232
decoy51_1.pdb         2.93   64.71    8.86   3.448
decoy52_5.pdb         3.93   76.47    8.91   1.970
decoy53_21.pdb        4.01   76.47    8.99   1.478
decoy54_41.pdb        3.92   73.53    9.40   2.709
decoy54_93.pdb        4.93   88.24    9.28   6.404
decoy54_183.pdb       6.75   79.41    8.67   2.217
decoy55_36.pdb        4.03   58.82    8.31   5.665
decoy56_12.pdb        3.93   55.88    9.14   3.448
decoy57_45.pdb        4.80   76.47    9.08   0.985
decoy57_184.pdb       7.77   88.24    8.69   3.695
decoy57_175.pdb       7.71   70.59    8.78   2.709
decoy57_153.pdb       7.84   91.18    8.84   3.695
decoy57_161.pdb       7.63   79.41    8.72   2.463
decoy57_195.pdb       7.85   82.35    8.86   3.202
decoy58_1.pdb         3.93   52.94    8.64   2.956
decoy59_1.pdb         4.98   70.59    9.51   0.985
decoy60_49.pdb        3.83   79.41    8.59   3.695
decoy61_35.pdb        4.28   61.76    8.96   3.695
decoy62_18.pdb        3.84   73.53    8.97   3.941
decoy63_5.pdb         3.75   67.65    8.86   3.695
decoy64_3.pdb         4.06   73.53    8.57   4.187
decoy65_26.pdb        3.91   79.41    9.00   2.709
decoy66_10.pdb        4.84   70.59    8.32   5.665
decoy67_1.pdb         3.87   64.71    9.00   1.724
decoy67_154.pdb       7.20   70.59    8.93   2.956
decoy67_173.pdb       7.16   79.41    8.94   2.463
Average              5.370   76.86    9.28   2.900
Pcorr-to-dcyRMSD       -      0.11    0.55  -0.018
Native-rank-in-top1    -        No      No      No
Native-rank-in-top5    -        No      No      No
Native-Zscore          -    -1.226  -0.272   0.226