>>-------------------- Decoy set detailed informations --------------------<<
ID:        1L2Y
Length:   20      Class: Alpha protein

Protein sequence and second structure: (H->helix;E->sheet;C->coil)
NLYIQWLKDGGPSSGRPPPS
HHHHHHHHHCHHHCCCCCCC

EVENNESS:   0.773  npwRMSD:   0.877
RMSD-BIN  >0<  >1<  >2<  >3<  >4<  >5<  >6<  >7<  >8<  >9< >10< >11<  >12 TOTAL
N_Decoy    32   43   34   51   38   43   38   20    1    0    0    0    0   300

Name                  RMSD SEC_PCT R_GYRAT CNT_NUM
1L2Y.pdb              0.00   60.00    7.00   7.619
decoy0_1.pdb          0.05   50.00    6.98   7.619
decoy1_2.pdb          1.08   30.00    7.15   2.857
decoy1_8.pdb          0.81   40.00    7.17   2.857
decoy1_9.pdb          1.02   45.00    7.12   2.857
decoy1_11.pdb         0.81   45.00    7.11   2.857
decoy1_12.pdb         0.86   45.00    7.08   2.857
decoy1_13.pdb         0.97   40.00    7.06   5.714
decoy1_22.pdb         0.94   40.00    7.03   3.810
decoy1_24.pdb         0.82   25.00    7.09   5.714
decoy1_26.pdb         0.77   40.00    7.04   7.619
decoy1_30.pdb         0.91   40.00    7.13   3.810
decoy1_34.pdb         0.91   35.00    7.14   6.667
decoy1_3.pdb          1.05   40.00    7.18   1.905
decoy1_4.pdb          0.84   40.00    7.14   2.857
decoy1_5.pdb          0.84   50.00    7.09   2.857
decoy1_6.pdb          0.49   45.00    7.01   9.524
decoy1_10.pdb         0.56   50.00    7.09   5.714
decoy1_16.pdb         0.93   45.00    7.16   4.762
decoy1_17.pdb         0.98   50.00    7.06   4.762
decoy1_19.pdb         0.93   35.00    7.12   4.762
decoy1_20.pdb         0.62   40.00    7.11   4.762
decoy1_21.pdb         0.74   45.00    7.09   6.667
decoy1_23.pdb         0.54   40.00    7.03   4.762
decoy1_25.pdb         0.81   35.00    7.12   6.667
decoy1_27.pdb         0.72   45.00    7.09   6.667
decoy1_29.pdb         1.02   50.00    7.14   2.857
decoy1_31.pdb         0.90   25.00    7.02   5.714
decoy1_32.pdb         0.97   50.00    7.27   1.905
decoy1_35.pdb         0.74   45.00    7.12   6.667
decoy1_7.pdb          0.72   45.00    7.20   2.857
decoy1_14.pdb         0.58   50.00    7.18   2.857
decoy1_15.pdb         0.76   65.00    7.23   1.905
decoy1_18.pdb         0.81   45.00    7.21   2.857
decoy1_28.pdb         0.58   65.00    7.09   6.667
decoy1_1.pdb          1.07   50.00    7.26   2.857
decoy1_33.pdb         0.97   30.00    7.08   4.762
decoy1_36.pdb         0.90   50.00    7.02   5.714
decoy2_11.pdb         1.95   65.00    6.51  13.333
decoy2_249.pdb        6.28   45.00    9.27   0.000
decoy2_251.pdb        6.27   60.00    7.24  11.429
decoy3_1.pdb          1.90   50.00    6.68  12.381
decoy4_9.pdb          1.87   60.00    6.99   5.714
decoy4_125.pdb        3.87   45.00    6.98   2.857
decoy4_201.pdb        5.12   75.00    7.24   2.857
decoy4_224.pdb        5.78   70.00    7.47   0.952
decoy4_262.pdb        6.08   45.00    8.43   0.000
decoy4_270.pdb        7.45   40.00    8.65   2.857
decoy5_2.pdb          1.60   50.00    6.90   9.524
decoy6_26.pdb         1.91   60.00    7.10   5.714
decoy7_1.pdb          1.98   50.00    7.13   2.857
decoy8_1.pdb          1.91   45.00    7.24   4.762
decoy9_18.pdb         1.89   45.00    6.73   7.619
decoy9_123.pdb        3.65   70.00    6.70   6.667
decoy9_143.pdb        3.80   45.00    6.44   8.571
decoy10_4.pdb         1.74   45.00    7.15   8.571
decoy11_1.pdb         1.91   45.00    6.79  15.238
decoy12_1.pdb         1.85   50.00    7.26   1.905
decoy12_177.pdb       7.24   45.00    8.75   0.952
decoy13_10.pdb        1.53   45.00    6.93   5.714
decoy14_2.pdb         1.54   50.00    6.70  10.476
decoy15_40.pdb        1.94   60.00    6.97   5.714
decoy15_248.pdb       7.62   55.00   10.28   0.000
decoy15_249.pdb       7.99   40.00    9.78   2.857
decoy15_250.pdb       7.23   45.00    9.11   2.857
decoy15_251.pdb       8.00   40.00    9.71   2.857
decoy16_1.pdb         1.99   45.00    6.84  10.476
decoy17_48.pdb        1.69   55.00    6.57  11.429
decoy17_228.pdb       7.20   75.00    8.75   0.952
decoy17_229.pdb       7.03   50.00    8.35   1.905
decoy17_224.pdb       7.07   55.00    8.46   0.000
decoy17_225.pdb       7.40   75.00    8.87   0.000
decoy17_226.pdb       6.90   50.00    8.68   0.000
decoy17_227.pdb       7.12   75.00    9.38   0.000
decoy18_8.pdb         1.75   45.00    6.45  13.333
decoy19_30.pdb        1.63   70.00    7.07   3.810
decoy20_45.pdb        1.80   65.00    6.52  10.476
decoy21_32.pdb        1.90   65.00    6.51  13.333
decoy22_31.pdb        1.86   70.00    6.86   8.571
decoy23_1.pdb         1.92   45.00    6.63  12.381
decoy24_15.pdb        1.95   45.00    6.69  10.476
decoy25_35.pdb        1.83   45.00    6.73   6.667
decoy26_2.pdb         2.93   55.00    6.86   8.571
decoy26_104.pdb       4.43   50.00    7.75   1.905
decoy26_152.pdb       5.17   75.00    7.73   4.762
decoy27_50.pdb        1.87   65.00    6.68  14.286
decoy27_164.pdb       4.70   55.00    7.69   5.714
decoy27_201.pdb       5.15   75.00    8.42   0.952
decoy28_1.pdb         1.88   45.00    6.90   9.524
decoy28_160.pdb       6.30   70.00    6.88   8.571
decoy29_21.pdb        1.90   70.00    7.25   4.762
decoy30_56.pdb        2.60   50.00    6.93   7.619
decoy31_8.pdb         1.96   70.00    7.05   7.619
decoy32_21.pdb        1.73   65.00    6.91   5.714
decoy33_26.pdb        2.02   65.00    6.97   5.714
decoy34_1.pdb         1.86   50.00    6.67  13.333
decoy35_42.pdb        2.65   50.00    6.79   5.714
decoy35_92.pdb        5.58   75.00    8.57   0.000
decoy36_15.pdb        1.95   70.00    7.13   3.810
decoy36_87.pdb        4.00   65.00    6.68   5.714
decoy36_233.pdb       6.40   55.00    7.96   7.619
decoy37_43.pdb        2.71   55.00    7.08   6.667
decoy38_28.pdb        2.66   45.00    6.65   7.619
decoy39_23.pdb        1.94   65.00    6.60  11.429
decoy40_1.pdb         2.95   55.00    7.08   6.667
decoy40_152.pdb       5.40   75.00    8.05   1.905
decoy40_153.pdb       5.48   75.00    7.99   2.857
decoy41_8.pdb         2.58   55.00    7.18   1.905
decoy42_51.pdb        3.95   15.00    7.32   2.857
decoy43_3.pdb         1.75   45.00    7.14   3.810
decoy44_50.pdb        2.73   55.00    6.80  16.190
decoy45_1.pdb         2.85   55.00    7.09   6.667
decoy45_101.pdb       4.35   75.00    7.80   0.952
decoy45_104.pdb       4.51   70.00    7.54   4.762
decoy45_160.pdb       6.62   80.00    8.82   0.000
decoy46_1.pdb         3.02   55.00    7.09   7.619
decoy47_1.pdb         3.02   55.00    7.33   4.762
decoy48_42.pdb        2.80   55.00    7.12   7.619
decoy49_2.pdb         2.78   55.00    6.91  10.476
decoy49_58.pdb        3.41   75.00    7.04   5.714
decoy49_59.pdb        3.38   75.00    7.13   3.810
decoy49_64.pdb        3.35   70.00    7.10   4.762
decoy49_69.pdb        3.59   75.00    7.18   4.762
decoy49_72.pdb        3.87   75.00    7.23   3.810
decoy49_74.pdb        3.73   75.00    7.21   2.857
decoy49_87.pdb        3.44   75.00    6.89  10.476
decoy49_90.pdb        3.94   75.00    7.41   0.952
decoy50_3.pdb         2.86   55.00    7.20  11.429
decoy50_176.pdb       7.05   65.00    9.35   0.952
decoy50_177.pdb       7.19   50.00    9.51   0.000
decoy51_56.pdb        3.67   65.00    6.58   8.571
decoy52_1.pdb         2.95   55.00    6.99   9.524
decoy53_5.pdb         2.99   70.00    6.62   7.619
decoy53_177.pdb       6.50   75.00    8.08   3.810
decoy53_181.pdb       6.10   70.00    7.79   3.810
decoy53_186.pdb       6.67   70.00    8.49   1.905
decoy53_191.pdb       6.63   60.00    8.53   1.905
decoy53_193.pdb       6.15   75.00    7.54   5.714
decoy53_197.pdb       6.73   65.00    7.90   2.857
decoy53_203.pdb       6.60   70.00    8.45   1.905
decoy53_161.pdb       6.35   65.00    8.50   2.857
decoy53_163.pdb       6.33   65.00    8.06   3.810
decoy53_184.pdb       6.09   65.00    7.97   4.762
decoy53_185.pdb       6.10   60.00    8.28   3.810
decoy53_198.pdb       6.19   65.00    8.63   2.857
decoy53_199.pdb       6.41   65.00    8.33   1.905
decoy53_168.pdb       6.23   60.00    7.97   3.810
decoy53_169.pdb       6.53   55.00    7.82   4.762
decoy53_171.pdb       6.11   60.00    7.59   4.762
decoy53_182.pdb       6.64   75.00    8.09   3.810
decoy53_189.pdb       6.25   50.00    8.07   3.810
decoy53_211.pdb       7.00   70.00    8.64   1.905
decoy54_30.pdb        1.69   45.00    6.62   9.524
decoy54_89.pdb        3.98   75.00    7.47   1.905
decoy54_96.pdb        3.56   75.00    7.14   5.714
decoy54_103.pdb       3.51   75.00    7.10   5.714
decoy54_106.pdb       3.77   75.00    7.23   5.714
decoy54_112.pdb       3.78   70.00    7.52   2.857
decoy54_115.pdb       3.71   75.00    7.52   0.952
decoy54_118.pdb       3.55   75.00    7.11   2.857
decoy54_133.pdb       3.53   75.00    7.06   4.762
decoy54_140.pdb       4.51   75.00    7.72   1.905
decoy54_163.pdb       4.07   75.00    7.62   0.952
decoy54_168.pdb       4.53   70.00    7.94   0.952
decoy54_171.pdb       4.28   55.00    7.63   0.952
decoy54_187.pdb       4.05   75.00    7.35   5.714
decoy54_191.pdb       5.19   75.00    7.91   3.810
decoy55_19.pdb        2.81   55.00    7.16   9.524
decoy56_4.pdb         1.97   70.00    6.59  11.429
decoy57_4.pdb         2.85   55.00    6.84  11.429
decoy58_1.pdb         2.76   55.00    7.23   6.667
decoy59_1.pdb         3.02   55.00    7.17  10.476
decoy60_2.pdb         3.01   55.00    7.26   9.524
decoy61_4.pdb         1.89   45.00    6.63   9.524
decoy61_104.pdb       3.96   75.00    7.35   1.905
decoy61_115.pdb       4.46   75.00    7.57   4.762
decoy61_120.pdb       4.20   50.00    6.75   6.667
decoy61_126.pdb       4.47   55.00    7.66   2.857
decoy61_183.pdb       5.08   75.00    8.21   0.952
decoy62_4.pdb         3.04   55.00    6.97  11.429
decoy63_1.pdb         2.91   55.00    7.02   7.619
decoy64_1.pdb         2.71   70.00    6.98   4.762
decoy64_119.pdb       4.78   75.00    7.68   5.714
decoy64_120.pdb       4.87   75.00    8.13   0.952
decoy64_125.pdb       4.73   75.00    7.92   3.810
decoy64_126.pdb       4.99   75.00    7.97   1.905
decoy64_127.pdb       4.76   75.00    7.76   2.857
decoy64_130.pdb       4.89   75.00    7.75   1.905
decoy64_131.pdb       4.77   75.00    7.66   4.762
decoy64_135.pdb       4.89   75.00    7.89   1.905
decoy64_136.pdb       4.41   75.00    7.77   1.905
decoy64_140.pdb       4.63   75.00    8.05   0.952
decoy64_142.pdb       4.96   75.00    7.91   5.714
decoy64_146.pdb       4.83   75.00    7.81   2.857
decoy64_147.pdb       4.89   75.00    7.61   5.714
decoy64_153.pdb       5.31   75.00    8.07   0.952
decoy64_154.pdb       5.21   80.00    8.02   0.952
decoy64_165.pdb       5.48   80.00    8.02   0.952
decoy64_169.pdb       5.16   80.00    7.74   2.857
decoy64_170.pdb       5.29   80.00    7.98   0.952
decoy64_177.pdb       5.21   80.00    7.99   1.905
decoy64_184.pdb       5.12   80.00    7.85   3.810
decoy64_188.pdb       5.11   75.00    7.72   4.762
decoy64_158.pdb       5.86   75.00    8.28   2.857
decoy64_159.pdb       5.12   75.00    8.32   0.000
decoy64_172.pdb       5.62   75.00    8.76   0.952
decoy64_178.pdb       5.02   75.00    7.98   0.952
decoy64_179.pdb       5.60   75.00    8.20   0.952
decoy64_180.pdb       5.74   75.00    8.78   0.000
decoy64_182.pdb       5.50   75.00    8.39   0.000
decoy64_183.pdb       5.50   75.00    8.52   0.952
decoy64_185.pdb       5.00   75.00    8.07   1.905
decoy64_189.pdb       5.47   70.00    8.24   1.905
decoy64_191.pdb       5.10   75.00    8.06   0.952
decoy64_192.pdb       5.32   75.00    7.83   3.810
decoy64_193.pdb       5.34   60.00    8.06   2.857
decoy64_194.pdb       5.29   70.00    8.38   0.952
decoy64_195.pdb       5.25   75.00    7.88   5.714
decoy64_196.pdb       5.70   75.00    8.40   0.952
decoy64_197.pdb       5.29   75.00    7.86   4.762
decoy64_198.pdb       5.54   75.00    8.62   0.000
decoy64_199.pdb       5.14   70.00    8.01   3.810
decoy64_200.pdb       5.17   65.00    8.03   2.857
decoy64_201.pdb       6.23   65.00    7.48   9.524
decoy64_202.pdb       6.29   70.00    7.68   5.714
decoy64_203.pdb       6.33   65.00    7.59   6.667
decoy64_204.pdb       6.33   70.00    7.75   5.714
decoy65_20.pdb        3.06   70.00    6.81   5.714
decoy66_14.pdb        2.96   65.00    6.72   6.667
decoy66_194.pdb       7.47   55.00    8.41   4.762
decoy66_195.pdb       7.03   55.00    8.17   4.762
decoy66_196.pdb       7.35   55.00    8.57   2.857
decoy66_197.pdb       7.41   55.00    8.58   1.905
decoy67_26.pdb        1.91   70.00    6.62   8.571
decoy67_108.pdb       3.75   75.00    7.39   1.905
decoy67_141.pdb       4.67   75.00    7.70   2.857
decoy67_145.pdb       4.47   75.00    7.44   5.714
decoy67_147.pdb       4.53   75.00    7.49   3.810
decoy67_162.pdb       4.33   55.00    7.29   2.857
decoy67_165.pdb       4.39   70.00    7.77   1.905
decoy67_177.pdb       4.75   75.00    7.81   0.952
decoy67_178.pdb       4.90   75.00    7.79   0.952
decoy67_179.pdb       4.76   75.00    7.34   6.667
decoy67_180.pdb       4.91   75.00    7.91   1.905
decoy67_181.pdb       4.54   75.00    7.64   1.905
decoy67_198.pdb       6.70   80.00    8.57   0.952
decoy67_199.pdb       7.12   80.00    8.41   0.952
decoy67_200.pdb       7.29   80.00    8.33   0.952
decoy68_1.pdb         2.90   55.00    7.25   7.619
decoy69_38.pdb        1.75   50.00    6.87   6.667
decoy69_95.pdb        3.92   75.00    7.45   2.857
decoy69_96.pdb        3.87   75.00    7.32   3.810
decoy69_98.pdb        3.82   75.00    7.23   3.810
decoy69_100.pdb       3.89   75.00    7.20   4.762
decoy69_102.pdb       3.86   75.00    7.15   5.714
decoy69_103.pdb       3.79   75.00    7.30   3.810
decoy69_105.pdb       3.92   75.00    7.40   2.857
decoy69_106.pdb       3.91   70.00    7.33   3.810
decoy69_108.pdb       3.86   75.00    7.21   4.762
decoy69_111.pdb       3.92   75.00    7.30   5.714
decoy69_112.pdb       3.87   75.00    7.23   5.714
decoy69_122.pdb       3.97   75.00    7.23   5.714
decoy69_151.pdb       4.18   75.00    7.46   0.952
decoy69_154.pdb       3.93   70.00    7.22   6.667
decoy69_155.pdb       3.91   75.00    7.26   6.667
decoy69_159.pdb       3.98   75.00    7.25   4.762
decoy69_160.pdb       3.93   70.00    7.25   5.714
decoy69_196.pdb       5.52   80.00    8.08   2.857
decoy69_193.pdb       5.70   75.00    8.64   0.000
decoy69_194.pdb       5.44   80.00    8.13   2.857
decoy69_243.pdb       6.21   80.00    8.55   0.952
decoy69_245.pdb       6.03   75.00    8.70   0.952
decoy69_246.pdb       6.26   75.00    8.78   0.952
decoy70_13.pdb        2.88   70.00    6.78   8.571
decoy71_27.pdb        2.89   65.00    6.56  12.381
decoy72_34.pdb        2.94   65.00    7.46   2.857
decoy73_16.pdb        3.03   55.00    6.97   9.524
decoy73_207.pdb       6.10   75.00    8.52   2.857
decoy73_208.pdb       6.24   80.00    8.70   0.000
decoy73_210.pdb       6.00   75.00    8.57   0.952
decoy73_211.pdb       6.09   75.00    8.52   2.857
decoy73_214.pdb       5.97   75.00    8.34   2.857
decoy73_212.pdb       5.99   70.00    8.51   1.905
decoy73_213.pdb       5.94   70.00    8.65   0.952
decoy73_215.pdb       7.07   80.00    8.71   0.000
decoy74_14.pdb        2.06   65.00    6.44  13.333
decoy75_3.pdb         3.02   55.00    7.04   9.524
decoy76_2.pdb         2.92   65.00    7.30   6.667
decoy77_18.pdb        2.94   65.00    7.17   4.762
decoy78_5.pdb         2.94   55.00    6.97   8.571
decoy79_2.pdb         2.51   55.00    6.92  13.333
decoy79_136.pdb       4.43   75.00    7.60   2.857
decoy80_7.pdb         3.79   50.00    6.66  10.476
decoy81_89.pdb        3.58   45.00    7.11   4.762
decoy82_27.pdb        2.93   65.00    6.22  14.286
decoy82_191.pdb       6.94   80.00    8.73   0.000
decoy83_54.pdb        2.98   70.00    6.70  12.381
decoy84_14.pdb        2.70   55.00    7.25   4.762
decoy85_52.pdb        3.51   70.00    6.94  14.286
decoy86_2.pdb         2.67   40.00    7.08   4.762
decoy87_26.pdb        3.92   35.00    7.35   1.905
Average              3.936   62.60    7.54   4.749
Pcorr-to-dcyRMSD       -      0.51    0.82  -0.503
Native-rank-in-top1    -        No      No      No
Native-rank-in-top5    -        No      No      No
Native-Zscore          -    -0.193  -0.776   0.817